20190215,528673253,1109,1550256980.1214871,112.2933833010532,2843.213063653815,112.81667395142154,1550256979.0328977,316.7336263465044,[99.04935928 198.37904905],[6.18365278 155.23083765 0.27455459 18.30735905 0.21681961 0.54594853],__,-17.50999999999999,316.7336263465044,0.036772901005074146,
20190215,528673253,1114,1550257022.1186483,113.64793873774721,2396.5164111187737,113.43066972933552,1550257020.9969754,325.15775616885674,[24.93632474 49.01827904 74.65156009 98.73596332 197.28509469],[6.70976022e+00 1.41583127e+02 1.03722995e-01 1.93209471e+01 1.75440281e-01 1.83697291e-01 2.11095557e-01 1.18769407e-01 2.64393678e-01],__,-17.539999999999964,325.15775616885674,0.05793357842012335,
20190215,528673253,1123,1550257100.8249643,111.24905943540773,2700.6212357982354,111.61943217197971,1550257098.4810698,314.133369961104,[24.34482342 48.02466972 98.89440069 196.95561812],[6.26274140e+00 1.51560684e+02 1.56451400e-01 1.79773697e+01 1.63163563e-01 1.50149240e-01 1.36499805e-01 3.22163768e-01],__,-18.099999999999966,314.133369961104,0.06907680749568457,
20190215,528689027,1108,1550262779.4472413,130.0346461576107,6205.825495339496,107.61575223283025,1550262779.1026096,313.35837182427804,[96.67772531 192.88173984],[4.17350581 183.88558587 0.28800663 11.08936877 0.21269842 0.45860924],__,-37.99999999999997,313.35837182427804,0.025687389467110504,
20190219,529361650,1067,1550607992.3260663,148.0590460003187,6310.943582210021,105.67384264947498,1550607990.0154994,319.61439453970956,[24.41951033 48.60402491 73.15921239 97.34039774 121.61375908 153.34132519 195.06926036],[4.32250044e+00 1.80143379e+02 1.53735531e-01 9.58232928e+00 1.13011595e-01 1.46233826e-01 2.00202809e-01 1.33044068e-01 2.60387892e-01 2.20618727e-01 3.21994774e-01],__,-43.539999999999964,319.61439453970956,0.06803616095978199,
20190219,529361650,1246,1550606978.0102506,143.9410449104469,6103.188573589142,107.25727558529996,1550606976.728767,315.1436986215424,[24.55113082 48.77668648 73.56761019 98.30264679 122.81177116 153.32812982 196.43766084],[4.30636903e+00 1.79845322e+02 1.44511309e-01 9.59200385e+00 1.22048340e-01 1.03608850e-01 1.39002817e-01 1.00482256e-01 2.11150195e-01 1.76874172e-01 2.01909723e-01],__,-44.64999999999998,315.1436986215424,0.06025850243118557,
20190227,530696852,1049,1551228121.0402486,141.40364057183638,6164.254886347911,108.31176704760483,1551228120.5088153,325.45158211310707,[25.76007758 51.88382472 77.81242269 104.04913428 129.17790529 150.79007777 181.88801825 207.74026589],[4.20144786e+00 1.80635851e+02 1.22896192e-01 9.81146682e+00 9.07170983e-02 1.04605953e-01 1.34832911e-01 1.01560780e-01 1.97066533e-01 2.00546955e-01 3.11775947e-01 2.18824246e-01],__,-26.69999999999999,325.45158211310707,0.03773544403880166,
20190301,531217131,1152,1551466102.7092373,123.82270592040362,5408.591271444426,107.86629214411131,1551466101.586599,320.96563226582145,[96.75914495 193.51390832],[4.24810798e+00 1.80527242e+02 1.78693453e-01 1.13472617e+01 1.37644341e-01 3.08187058e-01],__,-30.97999999999999,320.96563226582145,0.016228098503806767,
20190301,531217131,1169,1551466223.7131596,123.78135256566159,5613.25756485588,110.95963344087681,1551466225.9506843,322.06749906081046,[24.30219222 47.87554378 71.60595254 87.88486414 95.86592915 143.04562725 191.51778143 287.900636],[4.10686715e+00 1.81682736e+02 1.90065847e-01 1.10077489e+01 1.23608433e-01 1.41275860e-01 1.89414589e-01 1.75349685e-01 1.14392856e-01 2.29159994e-01 2.35140613e-01 3.62007096e-01],__,-30.98999999999998,322.06749906081046,0.09817944249826148,
20190301,531237775,1100,1551472118.1630704,129.12206266263922,6106.9059150892235,108.74140560946866,1551472118.5787194,318.92545193199936,[24.5359292 48.62339798 72.45313428 97.96121739 121.71898895 147.98165693 195.32618859],[3.99249739e+00 1.83141542e+02 2.10661663e-01 1.02519017e+01 1.10154814e-01 1.25779265e-01 1.72206593e-01 1.11867342e-01 1.96930442e-01 2.09921645e-01 2.36503991e-01],__,-33.49999999999997,318.92545193199936,0.07601090621321538,
20190306,532109091,1115,1551902851.82708,119.16707288744865,6078.398090471224,104.83164571733924,1551902848.3747919,318.7298567222627,[26.6627783 47.88526183 73.04793245 97.26810727 160.37077158 193.99742396],[3.72196807e+00 1.84988224e+02 1.68275296e-01 1.02254270e+01 1.25408499e-01 1.37165081e-01 1.59372484e-01 1.06307904e-01 2.01476730e-01 2.52191584e-01],__,-34.39999999999998,318.7298567222627,0.10423039426028102,
20190306,532109091,1125,1551902770.3611186,118.92772558763052,6072.9256351308895,107.55542866145124,1551902769.7788122,319.9573047446712,[24.10620653 48.24175872 72.54199514 97.04517649 159.76553518 193.82709585],[3.70516435e+00 1.84980421e+02 1.52697626e-01 1.02036003e+01 1.35417204e-01 1.69106038e-01 1.62987873e-01 1.07387332e-01 2.04774252e-01 2.29343661e-01],__,-34.40999999999997,319.9573047446712,0.06202975366513788,
20190306,532096032,1154,1551898001.999296,156.0529732793151,5547.503137724827,107.45367625666219,1551898000.6539557,320.82867244681347,[46.75042447 70.91849154 94.78608118 117.14605211 158.2301911 188.4624295 283.09922675],[4.91238854e+00 1.73141646e+02 9.28354438e-02 1.01891303e+01 1.50650950e-01 1.73565878e-01 1.17829137e-01 2.18390583e-01 2.48309954e-01 2.54844927e-01 3.71633205e-01],__,-31.169999999999987,320.82867244681347,0.11889791155305947,
20190312,533189022,1226,1552417963.89326,128.8026535306519,5978.849257440353,96.7345865049667,1552417952.0159912,315.44825742703387,[24.96522506 48.24252401 97.02284283 152.0156027 191.4953764],[4.06069504e+00 1.82618789e+02 1.93789478e-01 1.02581462e+01 1.30746003e-01 1.41921159e-01 1.36175323e-01 2.42320416e-01 3.48959144e-01],__,-43.19999999999999,315.44825742703387,0.13432997042112535,
20190313,533347562,1151,1552498300.4943366,141.49795475702976,5708.206056388286,81.41352628179452,1552498273.500689,316.5262911926442,[23.89065998 47.34075486 71.64599965 95.92738122 119.78581983 151.12964768 190.44160438],[4.47001317e+00 1.78008583e+02 1.15444667e-01 1.01357956e+01 1.06408732e-01 2.06939963e-01 1.50786891e-01 1.07594033e-01 2.02244719e-01 1.97813559e-01 2.40026643e-01],__,-39.92999999999998,316.5262911926442,0.08358104684440622,
20190315,533784076,1082,1552690331.4456775,111.83962444917343,6313.014718686118,106.89516353425891,1552690329.9449928,313.8342369311893,[24.42840262 49.48067519 74.02044711 98.37760613 121.60921227 155.1355595 145.07424098 196.47849655],[3.42192750e+00 1.87367405e+02 1.82435293e-01 9.91181403e+00 9.79785578e-02 9.95426092e-02 1.46537258e-01 1.14558534e-01 2.09161833e-01 1.93990435e-01 2.66350992e-01 2.48211811e-01],__,-37.339999999999975,313.8342369311893,0.0848824148073967,
20190320,534699509,1118,1553109348.9437554,120.93802665843212,5202.111406078251,108.45179165454294,1553109347.7540147,317.9254949210484,[23.81607252 48.84941823 96.72023133 154.37831597 192.1556814],[4.26670406e+00 1.79884662e+02 1.62242455e-01 1.14781319e+01 1.50283270e-01 1.27702432e-01 1.19354468e-01 2.20327689e-01 2.97630928e-01],__,-26.49999999999997,317.9254949210484,0.11474691195207896,
20190320,534674280,1157,1553103580.4955714,156.19230772106746,6741.077157874714,103.38793563602525,1553103577.2378228,309.29072727888445,[48.3317898 96.59568192 148.50676015 193.31003842 292.26093924],[4.29431110e+00 1.80754101e+02 1.75958167e-01 8.70574129e+00 1.35467637e-01 1.21902636e-01 2.61206139e-01 2.70900868e-01 3.82093207e-01],__,-37.789999999999964,309.29072727888445,0.10554748947818753,
20190321,534881233,1151,1553190172.0918603,140.52587781528882,5522.507297899697,108.46513240105217,1553190171.7415125,323.5221095585464,[23.72677903 47.62245978 71.6252748 96.57231718 120.47675827 192.6510174 289.33061982],[4.56190871e+00 1.76956989e+02 1.10122093e-01 1.06322166e+01 1.38758044e-01 1.79123900e-01 1.76796614e-01 1.16793316e-01 1.98160107e-01 2.48283685e-01 4.12470130e-01],__,-29.769999999999982,323.5221095585464,0.0900297707915431,
20190322,535080597,1157,1553276772.0089612,146.17385331000864,5605.33547179335,109.43632555215473,1553276772.7174945,329.6071278471664,[23.93224726 45.77132325 71.05363511 94.88277042 140.48065729 185.73073408],[4.70802320e+00 1.76272980e+02 1.45353690e-01 1.08349681e+01 1.06142972e-01 1.36021922e-01 1.54282407e-01 1.51136168e-01 2.40852766e-01 3.58588737e-01],__,-26.829999999999984,329.6071278471664,0.22638182049599434,
