20190212,527980909,1263,1549931283.8849282,83.00075523096737,1941.7500943846555,134.82767131108042,1549931319.3304904,314.3565294446427,[91.57314454],[27.28269934 772.71301245 1.32995228 99.60412876 0.98010986],__,314.3565294446427,0.30040817071264236,
20190212,527980909,1265,1549931291.2612562,157.11269427937535,3774.6716406502096,110.14005902153572,1549931301.876021,307.2664844405642,[87.22102842 184.85643776],[5.03310854e+01 1.21055158e+03 4.56982870e-01 9.85569417e+01 5.06851453e-01 1.06468722e+00],__,307.2664844405642,0.24488629773373966,
20190213,528304146,1161,1550089726.8663666,259.46653439523215,4693.239744899454,46.31342648994433,1550089739.2991333,292.5663040340888,[13.38532183],[8.50129609e+01 1.57395583e+03 1.50187868e-01 9.58589901e+01 1.36934722e+00],__,292.5663040340888,0.269000211670306,
20190213,528304146,1162,1550089730.5499878,75.30825176269444,667.217112923405,12.352674352134343,1550089709.0526803,315.8510133545466,[255.14435614 198.57219881 188.72680321 179.58562055 173.00593412 168.8380205 149.71808836 144.28215666 138.85571662],[2.37815245e+01 2.11486840e+02 1.66418178e-01 9.96847917e+01 5.24206537e-01 4.83011983e-01 4.33142570e-01 4.52067425e-01 4.34655112e-01 4.22975053e-01 4.22446766e-01 4.14851555e-01 4.31798063e-01],__,315.8510133545466,0.4282159831220934,
20190213,528304146,1163,1550089733.4752164,90.680310328779,929.4270949866225,19.74047964299345,1550089719.4613607,313.4275243430064,[117.38285849],[2.88666719e+01 3.03170551e+02 2.65098018e-01 9.95358785e+01 4.40428769e-01],__,313.4275243430064,0.2593433466833164,
20190213,528183869,1208,1550036055.066649,151.25217299639533,3121.2661849589176,33.57600948811475,1550036057.2021873,305.2686173140473,[114.67382733 131.23494857 160.99209679 186.51568149 217.95029813],[4.89345627e+01 1.01478355e+03 1.83080243e-01 9.86403593e+01 2.94115869e-01 3.34952854e-01 4.22714157e-01 4.75640340e-01 5.36540510e-01],__,305.2686173140473,0.30272462321136423,
20190213,528198668,1199,1550042838.2921286,73.99359072068843,700.6680660395286,42.19953432304215,1550042851.8281279,316.60288780307764,[140.60089336 179.44070491 155.44729885 186.2328931],[2.32887357e+01 2.20574504e+02 9.84587745e-02 9.96973362e+01 2.69510953e-01 2.60820869e-01 2.66249274e-01 3.04858583e-01],__,316.60288780307764,0.29953098552412,
20190213,528198668,1203,1550042821.4787526,74.81179729437342,793.4211456191983,39.91400983301185,1550042832.5250945,315.4884644586635,[157.87006711 225.50245183 242.90874158],[2.35598777e+01 2.45955701e+02 1.95334095e-01 9.96902567e+01 2.97015198e-01 5.43237558e-01 4.77964775e-01],__,315.4884644586635,0.5026758597005895,
20190213,528172165,1160,1550027635.137711,136.07947704004053,2577.1306569981066,43.793500353461575,1550027645.6025157,305.1099986132994,[43.66904953 124.88588022 35.47344468],[4.41029355e+01 8.39826994e+02 2.91318316e-01 9.89005614e+01 2.83147890e-01 5.54325210e-01 3.07461610e-01],__,305.1099986132994,0.2929770697164635,
20190213,528172165,1167,1550027659.73266,162.75212776360826,2805.78172974024,40.92795923940914,1550027667.3556154,299.32950945294687,[38.2528988 77.58528514 126.03600725 260.11118276],[5.34996255e+01 9.23553929e+02 1.66228686e-01 9.83800589e+01 2.17343796e-01 2.74131348e-01 3.96041187e-01 4.63795042e-01],__,299.32950945294687,0.4563988031346871,
20190213,528172165,1168,1550027663.9638882,144.67948922636128,1756.5348151402075,38.15499755308813,1550027668.832174,301.1938461329636,[89.02412592 147.37657715],[4.74320807e+01 5.77255777e+02 1.33165679e-01 9.87357554e+01 2.59142104e-01 3.68307525e-01],__,301.1938461329636,0.3049762860855889,
20190213,528172165,1170,1550027672.575858,125.88817493356466,1286.9424500466434,44.85453740038351,1550027684.106222,318.0211402793681,[77.82697064 125.47302011],[3.92442682e+01 4.03302443e+02 1.50347269e-01 9.91377988e+01 2.92985750e-01 3.35352899e-01],__,318.0211402793681,0.30509251270775484,
20190213,528172165,1174,1550027688.0682385,144.31194252821248,2193.752939727002,49.49281782313865,1550027703.014114,315.6544106946694,[53.50523748 65.21720146 103.88216604 110.29807129 217.96984383 246.72718928 264.19022101 131.08591745],[4.51765640e+01 6.87621475e+02 1.16414458e-01 9.88510351e+01 3.92168448e-01 4.06012260e-01 5.60275884e-01 5.97094864e-01 1.29251765e+00 1.32433276e+00 1.29210474e+00 7.09533023e-01],__,315.6544106946694,0.349485686249581,
20190213,528172165,1175,1550027690.9733796,125.05870626884855,1536.2951177641717,52.752582552670255,1550027709.148199,312.134981863019,[61.57812458 50.05178915],[3.96879055e+01 4.90277634e+02 2.19156670e-01 9.91171200e+01 3.38675601e-01 2.79334495e-01],__,312.134981863019,0.31929117187526845,
20190213,528172165,1176,1550027695.4173825,146.10246764897883,2488.36427055585,49.41318477777756,1550027710.254071,309.8049973407426,[65.13765802 70.77609825],[4.70018766e+01 8.46856010e+02 3.26803395e-01 9.87662772e+01 1.45365653e+00 1.56118070e+00],__,309.8049973407426,0.20685844682968943,
20190214,528495868,1161,1550176158.4430768,147.99857035938263,2921.1125833611777,30.734905726542554,1550176156.7109733,305.39002683747657,[21.36232549 75.61680586 121.92721221 262.45380539],[4.78588521e+01 9.48851302e+02 2.62706726e-01 9.87019825e+01 3.08772652e-01 3.83134429e-01 4.71149969e-01 6.87605817e-01],__,305.39002683747657,0.5219069437366134,
20190214,528495868,1168,1550176195.0585308,72.98155622007685,4455.9558914831605,54.6359162469796,1550176217.1216557,320.1644549516273,[94.23774138 91.27739325 156.10340049 174.344338],[2.30307908e+01 1.52256778e+03 1.43425201e+00 9.96838600e+01 9.62483922e-01 9.52184814e-01 1.54530684e+00 1.70269051e+00],__,320.1644549516273,0.31026901904141685,
20190214,528495868,1178,1550176254.0078092,153.8677768938964,3795.870219213074,35.100436647295034,1550176256.8107083,296.40416562903164,[154.24202378 110.17369705 208.57502015 224.05709272],[5.11285981e+01 1.26228058e+03 2.62657051e-01 9.85051813e+01 3.64304752e-01 2.47115321e-01 4.78281324e-01 4.58559777e-01],__,296.40416562903164,0.2999665586049866,
20190214,528337729,1001,1550106838.5151415,81.3887009976255,711.0379798260036,34.570895469773994,1550106835.1068418,315.4922792070588,[135.93188604 181.09008829 191.53137061 204.9972905 249.78632921 111.28174024 258.04500127],[2.57038889e+01 2.24650817e+02 8.29004593e-02 9.96313925e+01 3.14139978e-01 3.29810384e-01 4.48521840e-01 4.85888365e-01 5.11684216e-01 2.63287074e-01 5.12629413e-01],__,315.4922792070588,0.4432870943406718,
20190214,528337729,1056,1550106493.7658198,154.7278902589762,2158.5805602111923,77.59530416309747,1550106541.4530256,310.6837613847594,[55.13676853],[4.92079189e+01 7.04837768e+02 3.23937554e-01 9.86405856e+01 8.55174629e-01],__,310.6837613847594,0.3083801862994372,
20190214,528469247,1137,1550165342.9286964,15.66046573954269,201.49799839733615,68.00763199607859,1550165379.8321013,319.84781814834105,[83.34798342 125.98689779 165.39051309],[4.79818279 69.51737411 1.07606228 99.98753648 0.26325046 0.30428308 0.39583622],__,319.84781814834105,0.24654000278363775,
20190214,528469247,1189,1550165126.9352734,134.01875207899067,3353.226304330406,13.801145892805732,1550165109.686587,319.9819217872021,[67.38890339 108.67028935 230.61212244],[4.16117920e+01 1.04949659e+03 6.64947524e-01 9.90148494e+01 3.26019377e-01 4.44915791e-01 9.29771851e-01],__,319.9819217872021,0.541261965333003,
20190214,528469247,1190,1550165124.604092,107.0152200678163,2449.1797332698793,15.246019657559557,1550165108.8267806,320.24455543347756,[67.86828826 149.08882367 198.11989628],[3.30192222e+01 7.55997497e+02 6.02684382e-01 9.93844455e+01 3.12360018e-01 4.74553022e-01 6.74627082e-01],__,320.24455543347756,0.35388746237444146,
20190214,528469247,1194,1550165119.948667,144.01829867463215,4565.108202916234,11.397934662980123,1550165100.1635716,313.7037114645537,[60.49681335],[38.24098328 980.48230417 2.72361943 99.22660651 1.01748439],__,313.7037114645537,0.05452625339072378,
20190214,528448317,1128,1550158058.7930987,57.078600809086225,388.0565511447974,22.209053438350633,1550158050.3385456,318.47234611457117,[97.92821807 69.28904436 130.74621937],[17.94580101 128.13410779 0.25211919 99.82160733 0.39183972 0.40814207 0.47978831],__,318.47234611457117,0.3294981974465497,
20190214,528448317,1133,1550158038.581274,86.55049671504874,1120.0578004500271,38.996775800902746,1550158046.934067,314.3409910363742,[104.03870133 158.71562335 187.26121952],[2.74275379e+01 3.57461662e+02 1.89345437e-01 9.95789858e+01 3.46770373e-01 3.82335833e-01 4.21472918e-01],__,314.3409910363742,0.3855472751588883,
20190214,528448317,1195,1550157824.9384236,177.9252026582447,7768.795347924974,21.751986117315255,1550157816.2997909,299.6969088795248,[57.98301842 44.93840528 88.92832365],[5.83592895e+01 2.62489968e+03 9.89329774e-01 9.79746710e+01 1.22440558e+00 9.78340432e-01 1.90519971e+00],__,299.6969088795248,0.30910772527917146,
20190214,528448317,1197,1550157817.5505857,170.26117873651285,3708.8681245358202,15.46090999931958,1550157802.427039,306.1355679845025,[66.83457903 170.46911927],[5.47055295e+01 1.19329850e+03 4.72841212e-01 9.82974872e+01 2.68130611e-01 6.74569910e-01],__,306.1355679845025,0.2669351980845569,
20190214,528448920,1152,1550158609.9761715,119.70577787007284,4788.589505017735,22.865815052618725,1550158598.7622783,311.2753945267676,[30.66090527 61.19874568 122.2788202 182.61537605],[3.74005902e+01 1.42992052e+03 6.26829387e-01 9.91820187e+01 2.62364437e-01 1.77911140e-01 3.06197488e-01 5.19087096e-01],__,311.2753945267676,0.05205712975820366,
20190214,528448920,1154,1550158617.6652567,120.74182585712899,5023.250423443684,27.64789626864756,1550158611.2227664,311.20827102631466,[30.05193402 61.39495 122.73968592 184.17719055 247.35931487],[3.77889881e+01 1.51239008e+03 5.38917767e-01 9.91598094e+01 2.49747856e-01 1.73277883e-01 2.91623562e-01 4.60695506e-01 6.65800568e-01],__,311.20827102631466,0.09147124834885131,
20190214,528448920,1156,1550158626.6581438,97.07063983420962,3049.5028527031473,28.608084324875048,1550158621.205896,315.7296285122619,[69.12601557 137.57231938],[3.06946042e+01 9.85523944e+02 9.99166354e-01 9.94602479e+01 3.28432362e-01 5.10072570e-01],__,315.7296285122619,0.18712333706893794,
20190214,528448920,1158,1550158636.0187695,105.60345712785609,3570.2868708360534,42.792929723321016,1550158644.7297306,316.83994291943964,[64.02758014],[3.31041743e+01 1.18056482e+03 9.13640396e-01 9.93836093e+01 9.50150060e-01],__,316.83994291943964,0.08796602307443088,
20190214,528448920,1173,1550158686.838584,95.75649135501025,1680.3692325714999,81.35355877065282,1550158665.50531,310.0368236637533,[124.85330888 165.12362353 198.06266224 232.61636734],[3.06978643e+01 5.38068509e+02 1.69267857e-01 9.94695524e+01 3.24827398e-01 3.33178181e-01 4.52497176e-01 3.92080567e-01],__,310.0368236637533,0.6297170454416775,
20190214,528503446,1196,1550178505.8959,232.42365016766075,6280.2863687581885,71.55520158193353,1550178474.5621302,303.975598995303,[71.15950759 234.45183046],[7.40253295e+01 2.00068360e+03 2.51576768e-01 9.68257381e+01 3.17458101e-01 6.38647446e-01],__,303.975598995303,0.5094571562505573,
20190214,528503446,1197,1550178502.340332,231.85640684128953,5248.613576927794,73.6179465081672,1550178473.0488145,312.22231458019735,[75.84452305 224.02658389 259.71419506 311.58592745],[7.20373540e+01 1.63077893e+03 2.32793432e-01 9.70198325e+01 2.65285203e-01 5.13741015e-01 4.99150536e-01 5.35305692e-01],__,312.22231458019735,0.587388322137258,
20190214,528486517,1177,1550172491.7496717,104.14376655795625,1464.1064789184602,70.33537943238355,1550172456.9251637,314.46189918069103,[77.68164803 91.00037774 102.48799782 123.46231484 158.49145944 174.51314333 229.79848742],[3.29174050e+01 4.63652442e+02 1.06009973e-01 9.93920414e+01 2.46220927e-01 2.48341670e-01 2.65462892e-01 2.80570552e-01 3.02915444e-01 3.48408592e-01 4.61102095e-01],__,314.46189918069103,0.34833424864196083,
20190214,528486517,1178,1550172497.210585,151.1225389384108,3334.652081277298,58.380504436986755,1550172450.4323518,305.86738334385456,[38.27098977 54.66309377 86.01631026 148.27025736 134.54329342 105.10957363 232.31023828 206.93750101],[4.87211222e+01 1.07380631e+03 1.16141061e-01 9.86492876e+01 2.03185076e-01 2.15876026e-01 2.60084395e-01 3.80117087e-01 3.25353575e-01 2.66222302e-01 5.13414993e-01 5.39046516e-01],__,305.86738334385456,0.40310429852892,
20190214,528391491,1183,1550134754.30926,159.94848253631827,3746.767152044705,83.42085555184077,1550134731.8529258,305.7966245932904,[82.79775618],[5.14926950e+01 1.21380611e+03 3.08588843e-01 9.84882458e+01 6.42099631e-01],__,305.7966245932904,0.28253850691158927,
20190215,528548785,1150,1550200158.3967044,166.62640202770677,4900.967176135129,63.19049643807759,1550200118.1184497,312.5664030807502,[121.28358982 238.37521559],[5.24855292e+01 1.54777128e+03 2.96378914e-01 9.84100230e+01 5.15965274e-01 8.46978287e-01],__,312.5664030807502,0.7643174348712827,
20190215,528548785,1151,1550200161.070487,106.42517613425312,2447.673125537939,90.60073264289466,1550200148.0017893,312.70909881657263,[179.1300858],[3.38657379e+01 7.87331092e+02 5.53913338e-01 9.93527586e+01 7.44950105e-01],__,312.70909881657263,0.2046984984891512,
20190215,528548785,1153,1550200167.0449195,99.93452295971859,1992.638252006864,91.84012565456253,1550200155.1695895,310.08530929161753,[184.39426528 240.30037053],[3.21410830e+01 6.47616182e+02 4.92720241e-01 9.94182702e+01 5.58869064e-01 7.63962085e-01],__,310.08530929161753,0.5199133327412891,
20190215,528548785,1154,1550200170.4862952,102.55368483215082,3018.7770942825073,100.82014874927303,1550200167.6220584,312.4626612806878,[162.34777891],[3.38616379e+01 1.15753483e+03 8.24433387e-01 9.93882277e+01 4.32199952e+00],__,312.4626612806878,0.14085513107962944,
20190215,528548785,1166,1550200218.3557584,131.43179557702666,3369.179299477442,91.35899199604668,1550200204.446793,306.58972360820854,[102.71525482 211.57624447],[4.24484323e+01 1.09528257e+03 4.18524803e-01 9.89716327e+01 3.35134792e-01 6.87489502e-01],__,306.58972360820854,0.2687895802187574,
20190215,528548785,1168,1550200227.9777317,108.46743213682771,2965.674714969508,114.56535228793668,1550200237.169274,312.49592044122556,[163.94802661],[3.43595940e+01 9.37630253e+02 3.71343133e-01 9.93259651e+01 5.70980540e-01],__,312.49592044122556,0.22431719167947692,
20190215,528526672,1238,1550189961.1408134,194.230736485159,6287.62728562246,105.09851951259763,1550189966.7537088,308.6984407280237,[89.20257571 118.71264113],[6.16541496e+01 2.01706409e+03 4.69087361e-01 9.77874697e+01 9.07811874e-01 1.16943958e+00],__,308.6984407280237,0.23237388088240846,
20190215,528526672,1241,1550189973.5178044,159.54705368168968,3416.393608325081,113.35028424368512,1550189987.3407743,313.6870124291522,[92.08148737 116.11733518],[5.01359568e+01 1.07538515e+03 1.71222341e-01 9.85706731e+01 3.19804386e-01 3.91032309e-01],__,313.6870124291522,0.33119934038897386,
20190215,528560241,1113,1550206774.4106555,168.7731343887203,3941.3335949754196,48.649868986953194,1550206721.5067947,305.6320957166712,[69.36757085],[5.91883931e+01 2.03956649e+03 8.93557938e-01 9.82078214e+01 6.76951358e+00],__,305.6320957166712,0.23984643918936172,
20190215,528560241,1114,1550206769.6383061,176.5713533987894,4457.762597722449,41.72508223563587,1550206709.8250365,311.79513352256095,[83.12255324 236.54274367],[5.56185650e+01 1.40676997e+03 3.27181611e-01 9.82269708e+01 3.21833344e-01 6.16556684e-01],__,311.79513352256095,0.6329703894229198,
20190215,528563037,1151,1550208797.5529552,175.11568438937746,5953.87531086477,90.9772831672974,1550208785.916937,313.4695554937454,[51.70964086 71.05765368 91.73745038 130.35170771],[5.48911235e+01 1.87364058e+03 3.32654630e-01 9.82424933e+01 3.39094507e-01 4.39396408e-01 5.10503104e-01 6.88366633e-01],__,313.4695554937454,0.3299148800947764,
20190215,528563037,1178,1550208908.8712888,100.71495227189898,342.0544272422681,90.77607693290324,1550208894.375584,322.75414660154524,[126.60419964 191.18223922 205.85453389 278.67162686],[3.10488871e+01 1.05859442e+02 5.69620171e-02 9.94631622e+01 3.81283849e-01 5.85996450e-01 5.97405689e-01 6.96185997e-01],__,322.75414660154524,0.5888229740651261,
20190215,528639816,1158,1550244933.6128209,159.18829135272142,5505.380172435956,112.38615628376868,1550244941.887636,301.87484459349224,[103.82633027 138.69693389 172.56946906],[5.18455169e+01 1.79406843e+03 4.42380368e-01 9.84372487e+01 1.14365652e+00 1.48814129e+00 1.90721600e+00],__,301.87484459349224,0.3710520920403712,
20190215,528575468,1122,1550215859.287613,188.72506245826835,5840.100726243179,95.00830140246714,1550215853.9800458,300.5919392981249,[83.86182622 166.72133388],[6.14660473e+01 1.91191128e+03 3.14222383e-01 9.78050263e+01 3.40016975e-01 6.11188795e-01],__,300.5919392981249,0.20990826492814316,
20190215,528575468,1123,1550215855.2319307,221.93908231388434,9349.269597101707,92.9143316499572,1550215847.817924,309.6763078607943,[70.05811259],[6.96474957e+01 2.95237749e+03 4.75856613e-01 9.70936935e+01 9.20805077e-01],__,309.6763078607943,0.2251022308460288,
20190215,528575468,1126,1550215844.0229926,221.47695298144347,9942.704666716932,91.4830747046279,1550215835.366395,304.3262560881592,[69.7166288 136.8918309 148.87106414],[7.05117987e+01 3.14794872e+03 4.22588058e-01 9.69971467e+01 5.66388437e-01 1.12815122e+00 1.21099305e+00],__,304.3262560881592,0.23710253213372345,
20190215,528666965,1227,1550253685.4580858,200.28674338696126,7013.166025238743,57.65659781697854,1550253644.5878196,312.07647852681015,[87.21811372],[6.24782965e+01 2.21612088e+03 5.01466315e-01 9.77353437e+01 3.21525971e+00],__,312.07647852681015,0.16367710091456616,
20190215,528666965,1232,1550253705.4198084,178.5708317100435,4977.675233105697,71.30504425480925,1550253678.010532,307.8936812949711,[100.31597096 197.47523516 261.79576428 282.27128835],[5.69152126e+01 1.58867582e+03 2.60146442e-01 9.81329361e+01 2.77146530e-01 4.60753846e-01 4.59098469e-01 4.66784848e-01],__,307.8936812949711,0.7458167029018771,
20190216,528860451,1160,1550345112.283239,109.74991490301551,1465.8543357404346,71.36263385656316,1550345076.8979595,315.92705988941634,[136.69356504 78.05572185],[3.45148270e+01 4.64211103e+02 1.99607658e-01 9.93320194e+01 2.79559381e-01 2.53775209e-01],__,315.92705988941634,0.3598041174223429,
20190216,528753284,1125,1550292852.0062723,168.9590640796976,3761.212136267932,85.35195479105293,1550292834.6595898,302.63323299412616,[83.5484417 103.69123834 112.2986208 237.42908039],[5.48583696e+01 1.21956534e+03 9.83230572e-02 9.82839839e+01 4.06642508e-01 4.99342162e-01 5.36682138e-01 9.03648823e-01],__,302.63323299412616,0.4029576120517697,
20190216,528753284,1126,1550292847.9992237,192.85801411374658,6030.916846972458,82.04504852834106,1550292827.3669076,301.79844321707014,[76.94825545 149.54405944 216.69194862],[6.24651740e+01 1.95919207e+03 2.57835112e-01 9.77308807e+01 4.18855064e-01 7.24552620e-01 1.21676484e+00],__,301.79844321707014,0.2563591647700642,
20190216,528753284,1127,1550292844.0976238,213.13021411429105,8220.22780663989,80.82954878481598,1550292822.2894626,312.3623982081535,[70.48071792 133.6640274],[6.64540517e+01 2.57542398e+03 2.41655744e-01 9.73832676e+01 9.76885088e-01 1.88948649e+00],__,312.3623982081535,0.19121587590680778,
20190216,528753284,1128,1550292840.710086,206.69462581309696,7705.569547464524,81.15521066896524,1550292819.2988458,306.0074079220772,[70.77559673 89.19358185 108.86590412 130.84548423 159.81972268 180.97954784 208.17207549],[6.58136663e+01 2.45547518e+03 1.82830928e-01 9.74408455e+01 3.08255213e-01 3.77902578e-01 4.57011826e-01 5.77709262e-01 7.26361617e-01 7.64848136e-01 8.67477185e-01],__,306.0074079220772,0.2429725973724892,
20190216,528843981,1126,1550337356.9288263,152.6660350137858,5132.19103919878,92.62727306824391,1550337350.0140715,311.83595654754214,[61.43383934],[4.77435374e+01 1.65395669e+03 2.47540931e+00 9.87585427e+01 9.29381919e-01],__,311.83595654754214,0.09712574168275215,
20190216,528843981,1127,1550337352.1807237,192.0162033616921,9946.171809593861,73.5130585861171,1550337326.2447512,297.73528653084594,[65.05195206],[6.25581781e+01 3.13911156e+03 1.14983941e+00 9.76163563e+01 9.68778136e-01],__,297.73528653084594,0.21398415411189423,
20190216,528739741,1138,1550284288.821798,208.7949931407133,5425.687008176944,89.42831524794164,1550284275.4148731,302.7038300592543,[81.18900956 127.21314161 238.26260571],[6.71964776e+01 1.74852339e+03 1.78960896e-01 9.73967432e+01 2.69336918e-01 3.76883164e-01 4.78864861e-01],__,302.7038300592543,0.5673142194367854,
20190217,528920047,1195,1550380042.6158087,176.89356104240517,7971.3870658968135,105.0206788101452,1550380044.1119845,311.9562810910066,[66.24130019],[5.57321057e+01 2.57197551e+03 1.27772315e+00 9.81423471e+01 7.33688531e-01],__,311.9562810910066,0.12785894900869763,
20190219,529269345,1151,1550545732.4636805,210.7351144006388,7407.547961219305,92.17504586009488,1550545721.3137267,307.94193060880417,[60.93427668 96.60224906],[6.75353637e+01 2.38847407e+03 3.56739853e+00 9.74427066e+01 9.72440424e-01 1.47317568e+00],__,307.94193060880417,0.11081545549382187,
20190219,529269345,1154,1550545743.2903342,199.30262870135468,5604.226039007305,96.76808281263784,1550545736.5823963,316.12120321053385,[62.52241749 98.98430164],[6.16516790e+01 1.73880956e+03 2.80342178e-01 9.78060272e+01 4.87302128e-01 8.26523729e-01],__,316.12120321053385,0.15144148656969728,
20190219,529269345,1155,1550545747.9466093,154.94123444005365,3341.159437982654,106.01435635720523,1550545750.5110576,311.03472409790754,[58.869372 92.28467843 85.35754236],[4.90455316e+01 1.05275853e+03 2.05448486e-01 9.86332748e+01 3.16076595e-01 4.90331707e-01 4.68792452e-01],__,311.03472409790754,0.19193917749837186,
20190222,529816185,1176,1550805801.2282557,103.76084499366445,1889.1597593559252,99.54829171570697,1550805794.6441672,310.13172417959106,[148.862452 229.01682729],[3.33140956e+01 6.12525805e+02 3.73772668e-01 9.93753661e+01 4.58870691e-01 6.12630110e-01],__,310.13172417959106,0.3096857046803312,
20190222,529816185,1178,1550805815.4712985,114.36033751232613,3445.334517476023,117.00531719655763,1550805826.3596406,306.5958592936361,[127.53364711 179.84697001],[3.69978242e+01 1.12136819e+03 3.60682428e-01 9.92142263e+01 7.26603782e-01 9.85248728e-01],__,306.5958592936361,0.3478271202188138,
20190223,530104292,1128,1550942598.2816343,230.52431433683336,10900.118260508392,78.00147407086357,1550942573.9113307,323.2636798254499,[62.79700243 133.17593618],[6.92155604e+01 3.27585011e+03 3.00719059e-01 9.70824764e+01 3.27049854e-01 6.97743041e-01],__,323.2636798254499,0.19000054337316782,
20190223,530104292,1134,1550942573.668673,157.39042942603726,3831.7313025574317,88.75847797994092,1550942560.1625192,305.35004877583646,[70.57369201 91.15774401],[5.07686235e+01 1.24061558e+03 2.34866689e-01 9.85284805e+01 5.06074921e-01 6.43533897e-01],__,305.35004877583646,0.3080259447081691,
20190223,530028730,1122,1550906857.226087,210.1263667516312,7023.298895043206,95.5178011309869,1550906853.333853,297.6048890095267,[77.50634619 148.28461676 222.15782789],[6.86823744e+01 2.30452460e+03 5.62643894e-01 9.72379100e+01 4.39479516e-01 8.17613878e-01 1.11143269e+00],__,297.6048890095267,0.1979307586080073,
20190223,530028730,1123,1550906853.628171,206.7199099812582,8001.85024403008,101.4771769919675,1550906855.6503272,301.1706531268346,[64.33776395 12.42573112],[6.67851326e+01 2.57179264e+03 4.00417333e-01 9.73565178e+01 3.58240032e-01 1.51235285e-01],__,301.1706531268346,0.2290433951330327,
20190223,530028730,1128,1550906837.072644,215.50933326459733,8495.166061973105,93.38802359186927,1550906831.3772328,288.0381443081348,[67.92112358 210.40147109 284.09218667 245.07581776],[7.24857030e+01 2.85960198e+03 4.53885552e-01 9.68692645e+01 2.62028567e-01 4.80886617e-01 5.21910477e-01 4.75895295e-01],__,288.0381443081348,0.6502826247219075,
20190223,530028730,1131,1550906827.3212447,216.815823542736,7691.623784175657,92.64870024565197,1550906820.8316085,302.8374015387497,[69.47604593 218.88854644 287.27704354 147.97958594],[6.95012333e+01 2.46064809e+03 4.64544100e-01 9.71563441e+01 2.83069252e-01 7.22190584e-01 6.80936032e-01 5.38069412e-01],__,302.8374015387497,0.5152344369842871,
20190224,530321400,1130,1551052290.485347,194.37985897883198,18775.930664365125,85.45947606137462,1551052273.8317413,319.4532166455165,[59.80801959 68.23873903 103.69401102 133.5506799],[6.00449800e+01 6.35265087e+03 1.49471458e+00 9.73569531e+01 3.26024290e+00 3.70876325e+00 5.64584571e+00 7.26564744e+00],__,319.4532166455165,0.29672844675159277,
20190224,530265103,1113,1551028501.013506,146.23314347146285,3436.3920680223537,103.5412844597579,1551028506.6739073,302.7017563006657,[98.19124791 124.06660547],[4.78028722e+01 1.14125030e+03 5.80634595e-01 9.86999378e+01 4.17199682e-01 4.95035406e-01],__,302.7017563006657,0.24927864764243923,
20190225,530339730,1124,1551061579.2886856,201.6782620222,8034.4975012018285,95.535376836101,1551061573.93393,305.8872588302327,[74.22069424],[6.46057840e+01 2.68290747e+03 2.06120104e+00 9.75516977e+01 1.16317124e+00],__,305.8872588302327,0.15478120027560932,
20190225,530339730,1126,1551061570.9016998,184.41515578973767,6670.5934950693045,95.18040394958136,1551061565.2663062,292.12567525979205,[77.69767996 227.7191078 302.30145783],[6.17439781e+01 2.23973218e+03 4.82854664e-01 9.77579060e+01 2.65221118e-01 6.51557229e-01 6.50051048e-01],__,292.12567525979205,0.4132501728111621,
20190225,530339730,1128,1551061562.883211,172.64597999011244,5111.23441377689,101.31305731010815,1551061563.5328012,304.8013173949782,[76.38043582 227.30285215],[5.56457638e+01 1.65218222e+03 3.44358171e-01 9.82101415e+01 2.91533331e-01 6.76135340e-01],__,304.8013173949782,0.23839683053232022,
20190225,530446114,1085,1551113681.458237,190.49727092007495,6254.509061038194,71.96481946012352,1551113654.5250082,296.7936593667739,[95.35078391 225.27431522 308.11554808],[6.27144011e+01 2.06107965e+03 4.25930980e-01 9.77044615e+01 3.10384834e-01 5.04110689e-01 5.08132746e-01],__,296.7936593667739,0.5385195631719575,
20190225,530446114,1086,1551113685.0407858,171.80873996317072,4597.249191416392,79.89751683321829,1551113666.1003945,292.9181292137566,[84.9551723 216.39318984 300.06406566],[5.74853209e+01 1.53843980e+03 4.65785156e-01 9.81002511e+01 3.29695519e-01 6.62454769e-01 7.20782593e-01],__,292.9181292137566,0.583064044067228,
20190225,530354564,1199,1551070661.032796,165.33552954605267,5696.30139008658,75.38683001910915,1551070635.5414855,309.10302066990346,[91.71473605 183.97034185 248.26775018],[5.27403054e+01 1.83021172e+03 7.72403204e-01 9.83791301e+01 3.43105489e-01 7.14639907e-01 8.21390919e-01],__,309.10302066990346,0.47628736861967297,
20190226,530640983,1243,1551201404.1083965,162.63332355839339,4807.7530700313655,84.09939771048906,1551201385.034782,303.3752808363469,[93.09857978 120.01763591 251.38076103 142.91785527 180.61691317],[5.27562334e+01 1.56111775e+03 2.79145963e-01 9.83926080e+01 2.46494434e-01 2.27984210e-01 3.64947705e-01 2.85170461e-01 3.71013206e-01],__,303.3752808363469,0.46437813670281197,
20190226,530562271,1154,1551169692.7132752,243.66091938598464,10246.478384561318,70.61857209327145,1551169659.5591202,304.38039678533704,[61.41397697 100.17011971],[7.71982072e+01 3.26108721e+03 5.60655951e-01 9.64161143e+01 7.12324977e-01 1.14346043e+00],__,304.38039678533704,0.21569086656032396,
20190226,530562271,1156,1551169701.1058717,182.70289966171725,3933.9639029012437,81.44003494807546,1551169677.16806,298.2927129127791,[77.68900784 124.73295949],[6.00393310e+01 1.29707525e+03 2.51379815e-01 9.79436920e+01 3.60864669e-01 4.91529370e-01],__,298.2927129127791,0.22664946474422257,
20190226,530511885,1092,1551141170.7344222,201.9961947845771,7052.378034786463,64.04524184619062,1551141134.4358485,295.4313636319026,[87.31492664 175.15782573],[6.65552348e+01 2.32469162e+03 3.85209940e-01 9.73988618e+01 4.56055820e-01 9.27670588e-01],__,295.4313636319026,0.2678888266583023,
20190227,530718004,1122,1551234798.635038,203.01374146171756,10636.364800601825,35.37968114818716,1551234733.3355196,309.3708316022112,[73.4693683 146.98022223 218.6827921],[6.39465200e+01 3.34935992e+03 7.02005673e-01 9.74750881e+01 3.28652378e-01 6.34403846e-01 8.96016396e-01],__,309.3708316022112,0.22903678037724085,
20190227,530718004,1124,1551234792.069138,168.89422884887597,6399.555321270957,46.86214517524576,1551234738.0609505,309.27822439546395,[72.78692634 219.18985144],[5.36915170e+01 2.03952398e+03 5.41125332e-01 9.83025773e+01 2.66231149e-01 6.90121675e-01],__,309.27822439546395,0.15284475130456787,
20190227,530718004,1126,1551234785.2459924,196.24677724613144,8871.730344879119,34.544871852722665,1551234718.9050524,311.3093354333773,[73.9706096 148.63399625 220.62682648],[6.16199117e+01 2.78481844e+03 5.86034095e-01 9.77110325e+01 2.07488273e-01 4.46539074e-01 5.52570127e-01],__,311.3093354333773,0.20164448255849515,
20190227,530718004,1127,1551234781.7425458,207.79350908409745,10624.327657605147,32.96716994097227,1551234713.8514893,313.910826739929,[70.59204036],[6.45720797e+01 3.36659083e+03 1.46263752e+00 9.74434342e+01 8.46486298e-01],__,313.910826739929,0.1735402845493305,
20190227,530718004,1128,1551234778.716842,192.82710278293095,8593.802567005207,33.68032438329566,1551234711.5936027,308.062398810141,[74.20732501],[6.11349329e+01 2.71939114e+03 7.50715453e-01 9.77578275e+01 7.57202505e-01],__,308.062398810141,0.0709263860277562,
20190227,530718004,1131,1551234768.9782407,171.49817441540432,5785.657685306107,34.32171770996435,1551234702.4677203,305.73107625640006,[77.65222154 226.07926857 304.78919955],[5.50883312e+01 1.86005038e+03 5.18432143e-01 9.82303697e+01 2.32689761e-01 5.27166012e-01 5.93042800e-01],__,305.73107625640006,0.4690839117438511,
20190227,530718004,1132,1551234765.4012954,182.49255762343236,7409.716870364134,30.86232462270918,1551234695.5157523,303.70672049776965,[75.51754433 223.17018924],[5.87142355e+01 2.38656178e+03 1.38579567e+00 9.79622732e+01 3.38460643e-01 9.68257146e-01],__,303.70672049776965,0.16174513884728528,
20190227,530718004,1134,1551234758.1494062,167.32609837522162,6273.448379590744,36.27872914742333,1551234693.706624,312.6247643747322,[72.43620139],[5.21533750e+01 1.97980502e+03 2.77495805e+00 9.84685297e+01 6.98585594e-01],__,312.6247643747322,0.057818773115792955,
20190227,530833126,1206,1551287447.161224,171.6971911522747,5408.907723236882,77.53058762318935,1551287424.0738764,299.53190491635667,[93.49199878 253.75800099],[5.63502365e+01 1.78732448e+03 5.36321469e-01 9.81573354e+01 3.57473389e-01 7.87294703e-01],__,299.53190491635667,0.4897327089333751,
20190228,530999321,1151,1551368541.4706867,188.04846049922497,6136.449874676295,106.14448418012722,1551368543.1335385,297.5253621900806,[102.60387896 57.54075921 103.66005977 185.83121946],[6.18518953e+01 2.02906468e+03 7.68710737e-01 9.77740380e+01 5.73116319e-01 4.12915440e-01 5.78862133e-01 1.11318058e+00],__,297.5253621900806,0.20777626452292774,
20190228,530999321,1154,1551368552.6349947,132.46452634100064,2498.711642320894,115.07946374481355,1551368563.28894,307.29524705054416,[107.84511886],[4.26764784e+01 8.11360886e+02 3.64449627e-01 9.89720526e+01 4.82581896e-01],__,307.29524705054416,0.17256713028122664,
20190228,531019266,1137,1551374302.4494817,182.25669238342164,6250.92687776276,71.43745504755458,1551374275.241589,303.0843241843836,[80.63924625 162.87124688],[5.90669024e+01 2.05244743e+03 8.77401521e-01 9.79638806e+01 4.57486536e-01 8.69258107e-01],__,303.0843241843836,0.20308116604949591,
20190228,531039175,1162,1551382554.4262607,156.38152404034582,3482.3905696506336,119.97670854862058,1551382568.1023526,312.1805967246755,[105.68833494],[4.93537366e+01 1.10047028e+03 2.51549675e-01 9.86144776e+01 5.96518553e-01],__,312.1805967246755,0.14081759428129423,
20190301,531137329,1151,1551429383.3813982,110.50557912882694,3011.8017285241267,128.81502830583722,1551429408.9279969,314.1481674430843,[91.47197572 152.66807623],[3.49712743e+01 9.61501685e+02 3.03724369e-01 9.93011729e+01 4.17166648e-01 6.58712059e-01],__,314.1481674430843,0.2334521662409174,
20190302,531307333,1092,1551502981.1317244,93.8542333769004,2262.9152697077943,111.75668979775297,1551502992.3776143,311.1538998229344,[181.75515508 57.38261061 86.18424091 121.0532205],[3.00129442e+01 7.29082242e+02 2.53805972e-01 9.94884229e+01 4.60649547e-01 2.38001004e-01 3.00516846e-01 3.53736865e-01],__,311.1538998229344,0.2536781355231099,
20190302,531307333,1095,1551502956.936455,98.3917233457103,2320.1783915117194,119.77705546438295,1551502976.2097545,307.9275713375577,[76.15752086 130.53496827 187.02800829],[3.17661620e+01 7.50996080e+02 2.30718425e-01 9.94271839e+01 2.91857495e-01 4.06954953e-01 5.32956497e-01],__,307.9275713375577,0.2684945390490596,
20190302,531307333,1097,1551502947.002282,116.37896340971898,3806.1728319133626,118.88271154292202,1551502965.3867931,309.45934890043696,[79.766738 182.44873586],[3.70482924e+01 1.18825208e+03 4.74862991e-01 9.92075382e+01 2.74728444e-01 5.47673805e-01],__,309.45934890043696,0.262509007622357,
20190303,531540904,1148,1551633268.2083797,240.36050663280298,11935.486343718498,99.43100874448777,1551633270.043112,331.4343402199067,[72.25555187],[7.01996263e+01 3.36252173e+03 8.05043843e-01 9.70095280e+01 1.68359157e+00],__,331.4343402199067,0.3345750175007064,
20190303,531528173,1151,1551627050.1852336,106.00363544998861,1491.840090970849,108.01370433575377,1551627053.7785478,308.78705756047157,[93.6856419 123.03529189 174.79158406],[3.41161692e+01 4.81446166e+02 1.19084036e-01 9.93469203e+01 2.94819113e-01 3.29000150e-01 4.15232210e-01],__,308.78705756047157,0.26251681935380655,
20190303,531528173,1152,1551627052.5793297,193.07713295670953,5742.669939741615,90.94986349686295,1551627038.9796615,286.2000324903393,[112.90592004 180.29788384],[6.57890919e+01 1.96348232e+03 5.86679331e-01 9.74898825e+01 4.86284748e-01 7.28114902e-01],__,286.2000324903393,0.18885754831747556,
20190303,531528173,1154,1551627059.6403978,181.67629695366696,4905.377952336972,95.01588330799441,1551627050.141098,292.21702257714946,[97.60425662 112.60677663 179.94977964],[6.08358618e+01 1.64271450e+03 2.32793157e-01 9.78679550e+01 4.10321056e-01 4.07230208e-01 7.23552301e-01],__,292.21702257714946,0.21909833933105222,
20190303,531528173,1155,1551627063.6859896,165.61095456319154,4266.802834567253,102.97138810580917,1551627060.816283,300.0297813135173,[105.1324234 169.58080068],[5.41070736e+01 1.37317145e+03 1.67283122e-01 9.83221595e+01 3.24539165e-01 6.35819279e-01],__,300.0297813135173,0.21996495222297316,
20190304,531711629,1069,1551719796.157029,192.6127769357929,8942.330903073273,66.6621715356568,1551719763.32557,300.9040488793279,[88.22214057],[6.23596784e+01 2.86811982e+03 4.92152615e-01 9.76520590e+01 8.32510485e-01],__,300.9040488793279,0.08595681390450492,
20190304,531711629,1072,1551719807.3910785,191.74917415151245,8711.899137984547,68.73074125275798,1551719777.3464375,304.0661485819378,[89.63553618 238.15290315],[6.16165440e+01 2.80184444e+03 3.17951773e-01 9.77081926e+01 2.86360773e-01 6.46675184e-01],__,304.0661485819378,0.47111601124924724,
20190304,531697514,1122,1551714047.0320563,229.94052151379688,9743.677944562412,67.29120870231705,1551714014.0324483,310.6329427089579,[67.50977059],[7.16959138e+01 3.04513551e+03 4.05711124e-01 9.69198418e+01 1.53931030e+00],__,310.6329427089579,0.11904348646367748,
20190304,531627604,1116,1551677883.553639,190.69003883000798,4627.2225624036355,108.6426090628179,1551677891.825284,298.1793335181727,[78.29570811 237.40200529],[6.25255928e+01 1.51913330e+03 1.84486985e-01 9.77570551e+01 2.88439361e-01 5.66895056e-01],__,298.1793335181727,0.6058114391977393,
20190305,531930999,1088,1551820873.8677566,100.98902923537554,2189.3720387113226,127.32427448600747,1551820898.8959212,314.0023013217431,[70.768695 94.28659804],[3.19427876e+01 6.98368654e+02 4.14646717e-01 9.94235222e+01 3.31584984e-01 4.12579008e-01],__,314.0023013217431,0.3273820898963953,
20190306,532062223,1072,1551885266.7746506,199.81430955858843,8974.60129162183,107.63796928375538,1551885276.9492464,305.5228126307767,[65.76219562 102.15356438 133.33052354],[6.38028048e+01 2.87232232e+03 2.67559751e-01 9.75447469e+01 4.58542779e-01 6.48090518e-01 9.03895423e-01],__,305.5228126307767,0.2517100130247233,
20190307,532276963,1110,1551979717.938559,181.08917511853022,6192.027879153253,66.25638978740892,1551979680.7296731,307.2048649630943,[72.80108566 93.10266113],[5.78164656e+01 1.98494662e+03 3.82600871e-01 9.80467694e+01 3.25114343e-01 4.18457553e-01],__,307.2048649630943,0.18688494379224518,
20190308,532343150,1120,1552004727.124307,259.8593260069115,13899.984900284218,64.99542199770659,1552004692.3386652,319.9204044319353,[58.94608387],[7.81826464e+01 4.23483023e+03 5.04017370e-01 9.61842322e+01 1.63580244e+00],__,319.9204044319353,0.31205340172700574,
20190308,532343150,1242,1552005132.2590172,225.1128559339008,10345.588730288404,77.19602202641876,1552005109.7933822,313.22596691935325,[73.40108432 210.45677011],[6.97569671e+01 3.21058365e+03 6.85011889e-01 9.70499059e+01 3.54712217e-01 9.20837997e-01],__,313.22596691935325,0.18838554056302206,
20190309,532567373,1106,1552109853.1047552,208.92081744308118,10139.052011099122,45.591628488128435,1552109800.3906066,300.2158322315915,[77.5581744 225.37659341],[6.76282854e+01 3.28039817e+03 4.52119443e-01 9.72058508e+01 2.90177263e-01 6.91759267e-01],__,300.2158322315915,0.19896654126586993,
20190309,532550805,1125,1552099005.5515127,181.806948126881,7450.140154744908,92.96362745377584,1552098995.4803684,299.9981617295853,[76.36586292],[5.90389105e+01 2.37371710e+03 1.86169271e+00 9.79648441e+01 1.09948496e+00],__,299.9981617295853,0.218437113973187,
20190310,532794693,1038,1552235042.0733743,195.736293244112,6272.506896365692,100.29287135973844,1552235041.5588374,292.0705694670376,[88.86531351 187.89878613],[6.53491730e+01 2.09811730e+03 3.87513637e-01 9.75093996e+01 3.09725071e-01 5.83870390e-01],__,292.0705694670376,0.2667558007751936,
20190310,532794693,1043,1552235063.174668,178.1482385170102,5181.122806292975,105.2998776965167,1552235068.1290987,296.3488267796791,[90.537037 187.42632754],[5.89173187e+01 1.71436441e+03 3.16886688e-01 9.79933824e+01 2.92628746e-01 5.13591931e-01],__,296.3488267796791,0.25642542857154565,
20190311,533031722,1139,1552343154.0894568,141.0562914236452,13179.535024802006,124.96021954956569,1552343178.9278438,309.6717817867159,[25.39770716 127.80170191 160.77514298],[4.39691132e+01 3.87423970e+03 1.06053513e+00 9.86238916e+01 1.47788912e-01 5.11592541e-01 6.17020597e-01],__,309.6717817867159,0.14115415611960597,
20190312,533206600,1103,1552424679.271606,145.58898910860344,2778.4126584335554,114.32161816661751,1552424691.2940671,307.15642353247347,[132.43847697 221.23112258 80.77267732 42.85802568],[4.68126788e+01 8.95179355e+02 1.22057142e-01 9.87591232e+01 4.08438522e-01 7.05897544e-01 2.98435525e-01 2.29117118e-01],__,307.15642353247347,0.31187555018617663,
20190312,533206600,1104,1552424673.7698083,148.69893384220865,3031.612238439427,112.26174746902018,1552424683.6845176,303.6183158882829,[136.51135389],[49.31030376 1156.42538121 1.33944189 98.71535857 3.59409387],__,303.6183158882829,0.16728487617002324,
20190312,533206600,1105,1552424669.6083918,142.9069374341994,2678.2902607023957,117.61885762895508,1552424684.8432095,306.4651357138723,[73.09045602 120.07851023],[4.60682630e+01 8.66826838e+02 1.99706456e-01 9.87994265e+01 2.82866711e-01 3.47888568e-01],__,306.4651357138723,0.2864192157939272,
20190313,533383043,1121,1552508030.332149,186.18926332098874,7120.4196779171925,113.961699564523,1552508045.426832,312.5090407892289,[73.84695894 151.70835583],[5.83507713e+01 2.22786599e+03 3.55091330e-01 9.79902224e+01 2.87204584e-01 5.65127689e-01],__,312.5090407892289,0.21681659393179661,
20190314,533595874,1294,1552606159.517212,145.3899334094263,3305.4353441642284,121.50498216513667,1552606181.1283014,308.40039149790624,[76.47710106],[4.66222732e+01 1.06399941e+03 5.66170423e-01 9.87663563e+01 4.23235186e-01],__,308.40039149790624,0.16680759646998775,
20190315,533782805,1127,1552688937.6442528,188.3154816711831,6732.458871572596,103.47475913459589,1552688941.7458756,300.31286127908476,[82.36955586 236.13246288],[6.13563459e+01 2.20277230e+03 5.41088656e-01 9.77889629e+01 3.47902960e-01 8.63964230e-01],__,300.31286127908476,0.4743719876282346,
20190315,533782805,1128,1552688933.643068,198.0253533513215,7056.441835634595,104.65198213061912,1552688938.9703772,313.31641374467205,[80.29515457],[6.18834200e+01 2.23243423e+03 4.28584778e-01 9.77520749e+01 8.34502702e-01],__,313.31641374467205,0.19075785381034194,
20190315,533782805,1131,1552688920.9799783,209.49719407820947,9067.964150248932,102.43059398284993,1552688924.0498605,307.9946722097103,[77.38122022 151.80258221 229.03651512],[6.62357637e+01 2.87205900e+03 3.62827233e-01 9.73639445e+01 2.71726321e-01 5.09714537e-01 7.43550367e-01],__,307.9946722097103,0.21464382306393393,
20190315,533782805,1132,1552688916.245976,169.89593361752884,5429.613581873983,113.82714366810183,1552688930.7797055,306.174391292215,[76.579551],[5.45110410e+01 1.76154973e+03 4.59493082e-01 9.82778139e+01 6.95375925e-01],__,306.174391292215,0.2051110822997122,
20190316,533962126,1069,1552775378.7045567,169.71438588440324,4155.1836018443555,131.4680997906152,1552775404.563616,301.56751377345665,[110.54116739],[5.53144579e+01 1.36111175e+03 4.59573561e-01 9.82516524e+01 6.79916714e-01],__,301.56751377345665,0.23714170975872853,
20190317,534111328,1160,1552850198.5418813,168.65090141043132,3493.7639214013643,107.32133889764171,1552850199.2926247,307.8772862442703,[89.54020456 179.44247674 227.38533605],[5.38773549e+01 1.11780248e+03 1.75911007e-01 9.83491546e+01 3.18937322e-01 5.71113316e-01 6.90498150e-01],__,307.8772862442703,0.3205783203943472,
20190317,533982314,1153,1552785196.2415226,182.55512668024468,4772.461530931014,89.04240465007574,1552785177.9264514,293.8033056226913,[46.32699803 114.88278109 187.84021646],[6.08361755e+01 1.59430049e+03 3.15651835e-01 9.78715009e+01 2.73349592e-01 4.03485703e-01 5.75963494e-01],__,293.8033056226913,0.2553187204857251,
20190317,533982314,1154,1552785199.740355,191.61307823098048,5457.263419068339,89.50525848184974,1552785181.9233744,305.19105352024206,[110.13010227 183.75398289],[6.14674431e+01 1.76483355e+03 6.55637076e-01 9.78207416e+01 5.66820873e-01 9.31591979e-01],__,305.19105352024206,0.19128414323525061,
20190317,533982314,1157,1552785212.0925095,178.64339023516789,4289.073582913251,93.95132487206625,1552785198.748965,305.55676987764235,[43.63676334 109.83190391 190.54707946],[5.73821985e+01 1.38178535e+03 2.34920206e-01 9.81155448e+01 2.50923293e-01 3.84130699e-01 6.04310476e-01],__,305.55676987764235,0.2863748836744003,
20190317,533982314,1178,1552785295.4574218,130.9892471373031,2219.7406384204896,103.53372822542096,1552785290.5133524,302.80309672897465,[167.84569467],[4.29106872e+01 7.36925515e+02 6.21182985e-01 9.89722151e+01 9.98351859e-01],__,302.80309672897465,0.21550987433948843,
20190317,533982314,1183,1552785317.705045,150.61745678261158,2820.515289337712,104.18710816410558,1552785312.1745076,307.2837573760889,[163.06198457],[4.84133053e+01 9.16400714e+02 7.12165727e-01 9.86811565e+01 7.93577761e-01],__,307.2837573760889,0.13932825395793946,
20190317,533982314,1184,1552785321.369962,129.45472881522502,2204.66569480392,107.87969072714168,1552785319.6595495,312.86824940723966,[155.67185302],[42.90458479 835.92220065 2.2229216 99.10775977 2.55546289],__,312.86824940723966,0.1692984566006778,
20190317,533990692,1110,1552790381.7018538,168.84537406156613,3621.504996822642,93.9116914399772,1552790371.4172046,305.4383057867005,[79.02616363 114.85842363],[5.43812601e+01 1.17463049e+03 2.59407364e-01 9.83167689e+01 4.94589511e-01 7.02227604e-01],__,305.4383057867005,0.2577757581190611,
20190318,534249559,1123,1552918490.0879457,150.08959240849504,4515.571905203194,109.59596836543905,1552918496.0903137,308.3030328089449,[72.37599322 104.2299258 112.81284451],[4.80380294e+01 1.44807005e+03 2.42095290e-01 9.86676861e+01 2.24080203e-01 2.93930606e-01 2.97117510e-01],__,308.3030328089449,0.2551829488110495,
20190319,534455837,1174,1553007104.6372383,156.13415807155985,5278.202273580947,154.6268617718195,1553007151.7899773,307.32841466220964,[58.64135034 117.95708643],[5.00250018e+01 1.69109330e+03 1.73387179e-01 9.85432724e+01 4.11343819e-01 8.54198445e-01],__,307.32841466220964,0.058495246392569596,
20190319,534372822,1121,1552967479.6534262,171.83263007550448,5507.033822087268,105.87213660959,1552967485.9782097,313.55045453485684,[84.9978719 108.60887088],[5.38863100e+01 1.73446055e+03 3.30112251e-01 9.83142719e+01 4.59535584e-01 5.31459390e-01],__,313.55045453485684,0.25173669908845686,
20190319,534508975,1069,1553026340.4186082,117.86189769854872,3390.335723462838,129.67921803961232,1553026365.638292,308.9106888585207,[188.45080264],[37.50512053 1086.06648192 1.81599975 99.21722477 1.56803216],__,308.9106888585207,0.17712988173939415,
20190319,534508975,1070,1553026335.975926,73.62294460078522,1990.1463735332907,145.30902727677352,1553026376.7867148,314.54794141707896,[166.27593437],[23.56391043 685.87696198 1.03952201 99.69518071 0.88235413],__,314.54794141707896,0.25366158588466825,
20190320,534672720,1125,1553098550.6142292,209.36940576344537,15023.389326205343,94.54745163655436,1553098547.893678,298.7045547033105,[50.76357356],[6.79069913e+01 4.80567329e+03 3.92090920e-01 9.69423170e+01 1.23783186e+00],__,298.7045547033105,0.33108356718598164,
20190320,534672720,1126,1553098545.367995,83.37986322120399,1938.017843251582,106.7066033960644,1553098554.8267071,315.8188764811494,[79.17962713],[27.31214003 778.96187651 1.86699731 99.62810659 0.99214807],__,315.8188764811494,0.24926286402817954,
20190321,534784836,1106,1553149108.9757888,184.9963235390155,6020.775943561523,73.60676702624262,1553149080.8740861,306.5035602488015,[70.62916924 94.47701668],[5.91323865e+01 1.92853754e+03 2.37102336e-01 9.79629993e+01 2.73372757e-01 3.70346481e-01],__,306.5035602488015,0.27860967653543783,
20190323,535199340,1157,1553330721.9869807,158.67516495187635,2938.117421161767,117.56938536501163,1553330734.5436351,300.1722697111227,[33.6859951 106.41683905],[5.20435886e+01 9.65169849e+02 2.03834763e-01 9.84656433e+01 2.32752129e-01 4.47539950e-01],__,300.1722697111227,0.25807634916989874,
20190324,535447919,1114,1553443990.0127962,171.22469493846293,5694.084015049143,107.7970389691359,1553443995.4765067,294.6178144094647,[62.89449971 53.5610893 74.1780309 170.73407664 142.61456232],[5.70048818e+01 1.89750747e+03 3.59694014e-01 9.81058361e+01 2.44595321e-01 2.52887519e-01 2.59513154e-01 5.38542342e-01 4.39709045e-01],__,294.6178144094647,0.404062096361693,
