20190214,528286790,1305,1550103497.4851034,165.68131575801814,2632.1186559711896,111.89889131578664,1550103507.8242018,310.64384485037056,[74.62671921 98.86220021 108.25952129 147.342533 165.70662562 193.51384193 197.08103884 246.35141115 282.18130003 170.33234934],[5.25063826e+01 8.34374214e+02 7.08209264e-02 9.84424250e+01 2.28333007e-01 2.66848350e-01 2.69989941e-01 4.09986698e-01 3.87182960e-01 4.81076559e-01 5.08701123e-01 4.40801211e-01 4.60736250e-01 4.91526830e-01],__,310.64384485037056,0.48516689352320447,
20190214,528286790,1306,1550103497.43476,94.69805042679519,1054.3435153198052,123.36887627178592,1550103519.128309,311.9573927708102,[56.92262225 82.24439491 96.1600501 137.09530627 174.96855069 122.97607462 175.26355497],[3.02554051e+01 3.39894806e+02 1.05817048e-01 9.94884656e+01 3.09340308e-01 3.95651302e-01 4.29130646e-01 5.77838076e-01 6.61526323e-01 5.08156192e-01 6.63408608e-01],__,311.9573927708102,0.3555458962137713,
20190216,528677905,1225,1550278548.4315393,209.73022737126877,7447.3117681382255,103.48722786544567,1550278550.25992,308.6655013931623,[85.20771957 138.09449047 159.62671834 171.60931265 188.30025337 253.07897771 212.25194038],[6.61977236e+01 2.35395398e+03 2.47313537e-01 9.74223480e+01 4.33700277e-01 6.57312172e-01 8.50771453e-01 9.16591918e-01 9.90959829e-01 1.14805033e+00 1.12376114e+00],__,308.6655013931623,0.35618736902965287,
20190217,528922146,1100,1550402423.7240794,266.5130483315426,15718.801168658747,94.78106422260515,1550402420.4493203,304.37986987315173,[24.93929447],[8.36413024e+01 5.04210842e+03 7.68701104e-01 9.55356423e+01 1.38524293e+00],__,304.37986987315173,0.2567895967112437,
20190217,528922146,1101,1550402426.4581027,237.23833734257323,7979.253544994676,96.6235797229889,1550402424.914753,301.1709448527364,[41.59618846 83.9294008],[7.60744488e+01 2.56339451e+03 3.98744414e-01 9.65974873e+01 4.01645798e-01 7.44868460e-01],__,301.1709448527364,0.3185063725189078,
20190217,528922146,1105,1550402436.6481924,176.0941129885996,3853.540742169528,110.4823915560703,1550402449.0499105,299.05978866396293,[57.64141973 83.09965703 123.28567261],[5.77505079e+01 1.26641473e+03 1.97117543e-01 9.80992086e+01 6.22124268e-01 8.00303180e-01 1.16433492e+00],__,299.05978866396293,0.28956230295646107,
20190218,529064323,1075,1550491995.005604,252.36710983103393,15542.949354215572,115.13677261805061,1550492010.9994895,307.134848768713,[23.9487768 33.50331432 59.02924933 106.68067026],[7.88952099e+01 4.85730576e+03 4.01587907e-01 9.59983848e+01 5.94525570e-01 8.23630707e-01 1.39310913e+00 2.60886703e+00],__,307.134848768713,0.2667568797000659,
20190224,530269384,1029,1551048598.0100482,202.997259744554,7875.467013004281,102.51652549728492,1551048599.777825,300.3302537364033,[47.46938362 94.72181806 145.00951298 167.96065503 192.21244868 240.79412319],[6.58637761e+01 2.55656489e+03 2.15725873e-01 9.74265578e+01 1.60219930e-01 2.68784754e-01 3.99940124e-01 4.75280886e-01 5.09073560e-01 5.81696296e-01],__,300.3302537364033,0.5451741595180232,
20190225,530447143,1036,1551134769.6088426,216.29378382549754,8075.520371589583,105.27645613529222,1551134773.1336536,310.4704954131039,[46.03992459 91.82260758 106.41810626 185.68796731],[6.77785836e+01 2.53355716e+03 2.54792958e-01 9.72830073e+01 1.27568185e-01 2.55187280e-01 2.92802298e-01 4.40796682e-01],__,310.4704954131039,0.1460277409220501,
20190225,530447143,1038,1551134771.7477942,240.28342191848174,11605.428455581723,105.55502752489006,1551134775.4949014,326.96186438647317,[40.94493252 77.89372625 89.03518222 99.45960848 117.19611664 135.99043401 158.93139431 199.88695496],[7.11872378e+01 3.43626341e+03 2.02644929e-01 9.69010589e+01 1.74612505e-01 3.24873979e-01 3.64581028e-01 4.04055751e-01 5.04541261e-01 5.74213617e-01 6.44606307e-01 7.94488381e-01],__,326.96186438647317,0.2587395075618855,
20190227,530762107,1054,1551286916.8853014,223.97842480347776,8154.754587026076,99.6518443152107,1551286916.7821798,295.33286863862213,[42.76722228 67.58977749 84.93745367 129.21404936 169.70834142],[7.34406626e+01 2.67619565e+03 2.16145502e-01 9.68099024e+01 1.86669607e-01 2.94028246e-01 3.46666989e-01 4.87622207e-01 5.95726349e-01],__,295.33286863862213,0.2532578934778165,
20190304,531650363,1094,1551717247.733356,281.6237156813205,118011.00860271681,110.66109910702338,1551717260.42142,320,[20.099067533753075, 21.993724633793406],[300. 50000. 100. 100. 100. 100.],__,320,Forward Model,
20190306,532014828,1279,1551889705.6407077,208.375384098032,5598.917755719304,100.76880752848888,1551889707.1222308,299.7523917087162,[45.15829771 89.89154612 167.72799104 241.97120679 307.46876197],[6.76226318e+01 1.80997004e+03 2.05219939e-01 9.73597937e+01 2.58890120e-01 4.42594435e-01 8.05114214e-01 9.13789437e-01 1.05047802e+00],__,299.7523917087162,0.5288649054286768,
20190306,532014828,1280,1551889707.5502067,239.12771508186674,9184.124209830561,99.08770408497503,1551889707.3689973,309.420846543674,[36.57943912 107.04210237 136.43393811],[7.47207493e+01 2.87502600e+03 2.53701898e-01 9.66788422e+01 2.83104236e-01 7.71737111e-01 9.63567947e-01],__,309.420846543674,0.20848130547212243,
20190315,533556963,1282,1552611410.5125132,232.81669643147026,8448.054668385,101.44291521381344,1552611410.0830903,309.1131375988585,[41.97335621 85.82167309],[7.30000799e+01 2.69875901e+03 6.44777342e-01 9.68555866e+01 1.00498609e+00 1.95424190e+00],__,309.1131375988585,0.20419853310839955,
20190318,534202964,1100,1552918711.7407713,315.57707828894263,1138662.1974160816,107.00505765149055,1552918718.4344113,320,[3.272725210955556, 2.6353880676669266, 3.571703042421941, 3.3920370473430603, 3.774217414662194],[300. 50000. 100. 100. 100. 100. 100. 100. 100.],__,320,Forward Model,
20190324,535376994,1105,1553436990.8775496,182.62923920397878,5505.170378236947,112.47759135397304,1553437004.1610262,303.5264018790469,[51.02143387 85.73616602 213.60321974 129.47280355],[5.89505975e+01 1.77744008e+03 2.96625903e-01 9.79868298e+01 2.19357538e-01 3.35622784e-01 7.94259834e-01 4.54406983e-01],__,303.5264018790469,0.29719523689511523,
20190324,535376994,1106,1553436994.44179,203.32814789149077,5011.047549111485,102.81962670457669,1553436997.924206,295.61726837279593,[52.39481131 109.31619647 156.88369845 181.10669353],[6.70011379e+01 1.65270703e+03 1.76322534e-01 9.74184649e+01 2.32154553e-01 3.81010941e-01 5.34437011e-01 5.79555876e-01],__,295.61726837279593,0.33768370246552804,
