network,station,channel,longitude,latitude,elevation,power_value,
ZE,1001,DP1,-150.234611,62.316507,111.2,1286.4931832097855,
ZE,1001,DP2,-150.234611,62.316507,111.2,1286.3867343795225,
ZE,1001,DPZ,-150.234611,62.316507,111.2,1268.7962925074542,
ZE,1002,DP1,-150.239369,62.325397,117.2,1191.7097447126162,
ZE,1002,DP2,-150.239369,62.325397,117.2,1182.7426663629196,
ZE,1002,DPZ,-150.239369,62.325397,117.2,1231.5277252988685,
ZE,1003,DP1,-150.24188,62.333558,120.4,1245.7558173467842,
ZE,1003,DP2,-150.24188,62.333558,120.4,1267.3409256618222,
ZE,1003,DPZ,-150.24188,62.333558,120.4,1265.878023361473,
ZE,1004,DP1,-150.249069,62.341842,133.2,1270.1178971427532,
ZE,1004,DP2,-150.249069,62.341842,133.2,1255.318090964244,
ZE,1004,DPZ,-150.249069,62.341842,133.2,1264.7803170792529,
ZE,1005,DP1,-150.25164,62.350754,128.6,1182.4342438242156,
ZE,1005,DP2,-150.25164,62.350754,128.6,1172.0047618150397,
ZE,1005,DPZ,-150.25164,62.350754,128.6,1224.9529080333593,
ZE,1006,DP1,-150.25395,62.359839,132.3,1207.1372074186115,
ZE,1006,DP2,-150.25395,62.359839,132.3,1145.876005490431,
ZE,1006,DPZ,-150.25395,62.359839,132.3,1225.6877647908098,
ZE,1007,DP1,-150.260137,62.368259,142.3,1240.3892507291098,
ZE,1007,DP2,-150.260137,62.368259,142.3,1247.7840474669301,
ZE,1007,DPZ,-150.260137,62.368259,142.3,1270.4384834212406,
ZE,1008,DP1,-150.267249,62.376361,150.7,1183.0879508543208,
ZE,1008,DP2,-150.267249,62.376361,150.7,1146.8936724565783,
ZE,1008,DPZ,-150.267249,62.376361,150.7,1210.8769658743352,
ZE,1009,DP1,-150.264155,62.385338,155.0,1153.2415525947988,
ZE,1009,DP2,-150.264155,62.385338,155.0,1161.1716893746739,
ZE,1009,DPZ,-150.264155,62.385338,155.0,1215.4321930985325,
ZE,1010,DP1,-150.262511,62.394232,151.0,1221.9521987201977,
ZE,1010,DP2,-150.262511,62.394232,151.0,1239.1803636706863,
ZE,1010,DPZ,-150.262511,62.394232,151.0,1247.2579830062703,
ZE,1011,DP1,-150.259042,62.402898,151.8,1258.5661049577454,
ZE,1011,DP2,-150.259042,62.402898,151.8,1270.3727017007384,
ZE,1011,DPZ,-150.259042,62.402898,151.8,1267.7173987627257,
ZE,1012,DP1,-150.258342,62.41227,168.5,1287.2433836726505,
ZE,1012,DP2,-150.258342,62.41227,168.5,1288.5659469797463,
ZE,1012,DPZ,-150.258342,62.41227,168.5,1275.6917456138299,
ZE,1013,DP1,-150.262009,62.420784,177.8,1236.8207380666036,
ZE,1013,DP2,-150.262009,62.420784,177.8,1201.50509310253,
ZE,1013,DPZ,-150.262009,62.420784,177.8,1257.952098802895,
ZE,1014,DP1,-150.264267,62.429493,175.6,1190.942545604001,
ZE,1014,DP2,-150.264267,62.429493,175.6,1202.8507217994463,
ZE,1014,DPZ,-150.264267,62.429493,175.6,1241.1589365993123,
ZE,1015,DP1,-150.264716,62.438481,176.3,1191.4988154276741,
ZE,1015,DP2,-150.264716,62.438481,176.3,1165.940451870268,
ZE,1015,DPZ,-150.264716,62.438481,176.3,1228.4272236221022,
ZE,1016,DP1,-150.269728,62.447191,175.8,1343.3300561792948,
ZE,1016,DP2,-150.269728,62.447191,175.8,1303.4976956666524,
ZE,1016,DPZ,-150.269728,62.447191,175.8,1292.2634126601706,
ZE,1017,DP1,-150.272099,62.45583,181.9,1277.8939236872204,
ZE,1017,DP2,-150.272099,62.45583,181.9,1273.6568753925105,
ZE,1017,DPZ,-150.272099,62.45583,181.9,1272.1481607002504,
ZE,1018,DP1,-150.270711,62.464822,198.0,1291.4396861857617,
ZE,1018,DP2,-150.270711,62.464822,198.0,1277.5280329520092,
ZE,1018,DPZ,-150.270711,62.464822,198.0,1284.2747762234062,
ZE,1019,DP1,-150.27098,62.473801,199.9,1291.072294572853,
ZE,1019,DP2,-150.27098,62.473801,199.9,1335.961696003086,
ZE,1019,DPZ,-150.27098,62.473801,199.9,1310.375964726416,
ZE,1020,DP1,-150.27504,62.482667,212.0,1318.5474527450924,
ZE,1020,DP2,-150.27504,62.482667,212.0,1323.5362590520251,
ZE,1020,DPZ,-150.27504,62.482667,212.0,1295.7414134876067,
ZE,1021,DP1,-150.274669,62.491673,205.8,1271.2534392014186,
ZE,1021,DP2,-150.274669,62.491673,205.8,1295.9677486031912,
ZE,1021,DPZ,-150.274669,62.491673,205.8,1282.7442476763442,
ZE,1022,DP1,-150.269662,62.50021,203.9,1186.1091118684,
ZE,1022,DP2,-150.269662,62.50021,203.9,1220.433099018649,
ZE,1022,DPZ,-150.269662,62.50021,203.9,1265.9426664547839,
ZE,1023,DP1,-150.259981,62.507966,192.5,1281.4069966422476,
ZE,1023,DP2,-150.259981,62.507966,192.5,1289.3419013481323,
ZE,1023,DPZ,-150.259981,62.507966,192.5,1296.6153393695329,
ZE,1024,DP1,-150.248743,62.515339,204.9,1238.8478687124111,
ZE,1024,DP2,-150.248743,62.515339,204.9,1271.155729077987,
ZE,1024,DPZ,-150.248743,62.515339,204.9,1285.536999173141,
ZE,1025,DP1,-150.238845,62.523016,213.2,1300.3545995422082,
ZE,1025,DP2,-150.238845,62.523016,213.2,1328.5498852244718,
ZE,1025,DPZ,-150.238845,62.523016,213.2,1321.3421882859764,
ZE,1026,DP1,-150.235428,62.53186,218.3,1325.5272765664572,
ZE,1026,DP2,-150.235428,62.53186,218.3,1323.6903736827294,
ZE,1026,DPZ,-150.235428,62.53186,218.3,1334.940222876192,
ZE,1027,DP1,-150.236285,62.540577,214.6,1313.3601980023636,
ZE,1027,DP2,-150.236285,62.540577,214.6,1286.3064125013518,
ZE,1027,DPZ,-150.236285,62.540577,214.6,1311.1243610019826,
ZE,1028,DP1,-150.237719,62.549146,221.8,1301.4610465254345,
ZE,1028,DP2,-150.237719,62.549146,221.8,1283.0057137021345,
ZE,1028,DPZ,-150.237719,62.549146,221.8,1318.0950822645218,
ZE,1029,DP1,-150.242199,62.557383,190.6,1325.3480980889601,
ZE,1029,DP2,-150.242199,62.557383,190.6,1320.504553451089,
ZE,1029,DPZ,-150.242199,62.557383,190.6,1330.2875371707578,
ZE,1030,DP1,-150.234212,62.563896,163.3,1286.2385473193228,
ZE,1030,DP2,-150.234212,62.563896,163.3,1294.2018227711872,
ZE,1030,DPZ,-150.234212,62.563896,163.3,1289.9873581723443,
ZE,1031,DP1,-150.237997,62.573483,191.4,1271.362625548484,
ZE,1031,DP2,-150.237997,62.573483,191.4,1270.5102096671942,
ZE,1031,DPZ,-150.237997,62.573483,191.4,1287.3589578070676,
ZE,1032,DP1,-150.235371,62.581898,192.5,1245.7848241461784,
ZE,1032,DP2,-150.235371,62.581898,192.5,1201.9345863144263,
ZE,1032,DPZ,-150.235371,62.581898,192.5,1255.5553261135508,
ZE,1033,DP1,-150.238487,62.591765,198.1,1244.3898559802994,
ZE,1033,DP2,-150.238487,62.591765,198.1,1264.5720512350645,
ZE,1033,DPZ,-150.238487,62.591765,198.1,1266.5821804805962,
ZE,1034,DP1,-150.236138,62.599844,212.4,1299.9642244556235,
ZE,1034,DP2,-150.236138,62.599844,212.4,1305.5322709609277,
ZE,1034,DPZ,-150.236138,62.599844,212.4,1301.003908110807,
ZE,1035,DP1,-150.22371,62.606757,197.3,1332.482433007551,
ZE,1035,DP2,-150.22371,62.606757,197.3,1326.589538230089,
ZE,1035,DPZ,-150.22371,62.606757,197.3,1313.3510820693652,
ZE,1036,DP1,-150.22436,62.615985,198.1,1241.8760730104025,
ZE,1036,DP2,-150.22436,62.615985,198.1,1254.5081196070028,
ZE,1036,DPZ,-150.22436,62.615985,198.1,1263.9566178338728,
ZE,1037,DP1,-150.226994,62.624283,176.0,1266.406093355677,
ZE,1037,DP2,-150.226994,62.624283,176.0,1272.8049800412027,
ZE,1037,DPZ,-150.226994,62.624283,176.0,1274.5814865265672,
ZE,1038,DP1,-150.227697,62.632934,194.0,1286.2181992484554,
ZE,1038,DP2,-150.227697,62.632934,194.0,1284.3388577561068,
ZE,1038,DPZ,-150.227697,62.632934,194.0,1287.5003299418445,
ZE,1039,DP1,-150.221186,62.641616,206.5,1308.978821775202,
ZE,1039,DP2,-150.221186,62.641616,206.5,1310.5777362584602,
ZE,1039,DPZ,-150.221186,62.641616,206.5,1314.6601645415603,
ZE,1040,DP1,-150.2233,62.650559,217.5,1310.0227822636755,
ZE,1040,DP2,-150.2233,62.650559,217.5,1300.6628678395007,
ZE,1040,DPZ,-150.2233,62.650559,217.5,1307.9297979973715,
ZE,1041,DP1,-150.224506,62.659588,211.0,1148.0281316299981,
ZE,1041,DP2,-150.224506,62.659588,211.0,1150.4436917750147,
ZE,1041,DPZ,-150.224506,62.659588,211.0,1190.6902005289246,
ZE,1042,DP1,-150.229058,62.668054,212.2,1298.7367177858437,
ZE,1042,DP2,-150.229058,62.668054,212.2,1231.1043997137176,
ZE,1042,DPZ,-150.229058,62.668054,212.2,1267.0833883815126,
ZE,1043,DP1,-150.236199,62.676232,220.6,1248.0513552192776,
ZE,1043,DP2,-150.236199,62.676232,220.6,1244.8747162726904,
ZE,1043,DPZ,-150.236199,62.676232,220.6,1279.6487011800805,
ZE,1044,DP1,-150.243444,62.684341,229.1,1042.350377694084,
ZE,1044,DP2,-150.243444,62.684341,229.1,1030.4939262817495,
ZE,1044,DPZ,-150.243444,62.684341,229.1,1124.1612503596732,
ZE,1045,DP1,-150.238283,62.692748,234.4,1069.379711490453,
ZE,1045,DP2,-150.238283,62.692748,234.4,1091.7078027684558,
ZE,1045,DPZ,-150.238283,62.692748,234.4,1152.2663564606867,
ZE,1046,DP1,-150.229685,62.700713,230.5,1176.4384619741072,
ZE,1046,DP2,-150.229685,62.700713,230.5,1136.050283177072,
ZE,1046,DPZ,-150.229685,62.700713,230.5,1193.4812001110756,
ZE,1047,DP1,-150.217503,62.707937,212.0,1231.9523212468825,
ZE,1047,DP2,-150.217503,62.707937,212.0,1182.6680648777544,
ZE,1047,DPZ,-150.217503,62.707937,212.0,1249.3104820475057,
ZE,1048,DP1,-150.202585,62.713239,212.4,1276.0164907508515,
ZE,1048,DP2,-150.202585,62.713239,212.4,1241.4595404814977,
ZE,1048,DPZ,-150.202585,62.713239,212.4,1267.963583516685,
ZE,1049,DP1,-150.195243,62.721687,210.4,1202.6319463810162,
ZE,1049,DP2,-150.195243,62.721687,210.4,1174.0104260606258,
ZE,1049,DPZ,-150.195243,62.721687,210.4,1225.8130109106157,
ZE,1050,DP1,-150.179443,62.726487,240.1,1293.1480790083547,
ZE,1050,DP2,-150.179443,62.726487,240.1,1286.6271796996582,
ZE,1050,DPZ,-150.179443,62.726487,240.1,1291.4627688407454,
ZE,1051,DP1,-150.162966,62.731995,254.6,1311.0107021473523,
ZE,1051,DP2,-150.162966,62.731995,254.6,1312.4142596984939,
ZE,1051,DPZ,-150.162966,62.731995,254.6,1309.2680171404,
ZE,1052,DP1,-150.147787,62.737539,265.8,1224.206335582012,
ZE,1052,DP2,-150.147787,62.737539,265.8,1243.4259470807692,
ZE,1052,DPZ,-150.147787,62.737539,265.8,1275.6624507699273,
ZE,1053,DP1,-150.136093,62.74451,257.0,1308.3844553522815,
ZE,1053,DP2,-150.136093,62.74451,257.0,1308.080355187668,
ZE,1053,DPZ,-150.136093,62.74451,257.0,1303.3448733706402,
ZE,1054,DP1,-150.122171,62.750158,269.4,1317.7560049991112,
ZE,1054,DP2,-150.122171,62.750158,269.4,1327.225270497101,
ZE,1054,DPZ,-150.122171,62.750158,269.4,1315.9136129718522,
ZE,1055,DP1,-150.106171,62.755974,273.0,1271.3567022489624,
ZE,1055,DP2,-150.106171,62.755974,273.0,1293.1402438870332,
ZE,1055,DPZ,-150.106171,62.755974,273.0,1280.6837474818287,
ZE,1056,DP1,-150.089073,62.759891,303.5,1208.3959150671992,
ZE,1056,DP2,-150.089073,62.759891,303.5,1160.571695710729,
ZE,1056,DPZ,-150.089073,62.759891,303.5,1223.6295670893642,
ZE,1057,DP1,-150.071528,62.765268,310.4,1246.230525468499,
ZE,1057,DP2,-150.071528,62.765268,310.4,1238.1620918638723,
ZE,1057,DPZ,-150.071528,62.765268,310.4,1261.1666846668556,
ZE,1058,DP1,-150.056671,62.770821,319.2,1275.4379151499154,
ZE,1058,DP2,-150.056671,62.770821,319.2,1293.71938683526,
ZE,1058,DPZ,-150.056671,62.770821,319.2,1293.2670332096666,
ZE,1059,DP1,-150.041118,62.775685,341.1,1141.202422322163,
ZE,1059,DP2,-150.041118,62.775685,341.1,1106.9295352818353,
ZE,1059,DPZ,-150.041118,62.775685,341.1,1171.7591375927582,
ZE,1060,DP1,-150.02737,62.782195,351.0,1177.576016445435,
ZE,1060,DP2,-150.02737,62.782195,351.0,1172.0886927815363,
ZE,1060,DPZ,-150.02737,62.782195,351.0,1200.804392266042,
ZE,1061,DP1,-150.013027,62.787999,360.4,1242.1185796924108,
ZE,1061,DP2,-150.013027,62.787999,360.4,1154.6126522417026,
ZE,1061,DPZ,-150.013027,62.787999,360.4,1205.9324645755678,
ZE,1062,DP1,-149.997859,62.793593,371.7,1281.480661452893,
ZE,1062,DP2,-149.997859,62.793593,371.7,1275.8174161222576,
ZE,1062,DPZ,-149.997859,62.793593,371.7,1291.3437765232302,
ZE,1063,DP1,-149.981841,62.799641,378.7,1339.202165352955,
ZE,1063,DP2,-149.981841,62.799641,378.7,1335.0231095046277,
ZE,1063,DPZ,-149.981841,62.799641,378.7,1335.7246880217647,
ZE,1064,DP1,-149.968107,62.805775,389.5,1298.018689605019,
ZE,1064,DP2,-149.968107,62.805775,389.5,1327.2233885001203,
ZE,1064,DPZ,-149.968107,62.805775,389.5,1335.9617601671919,
ZE,1065,DP1,-149.950558,62.81137,395.9,1307.0660269668272,
ZE,1065,DP2,-149.950558,62.81137,395.9,1306.2737785261327,
ZE,1065,DPZ,-149.950558,62.81137,395.9,1331.3993120246084,
ZE,1066,DP1,-149.936864,62.816254,411.4,1122.865467748304,
ZE,1066,DP2,-149.936864,62.816254,411.4,1164.4534911956655,
ZE,1066,DPZ,-149.936864,62.816254,411.4,1176.640078464895,
ZE,1067,DP1,-149.920853,62.821908,419.9,1174.5566474962984,
ZE,1067,DP2,-149.920853,62.821908,419.9,1185.2452661974755,
ZE,1067,DPZ,-149.920853,62.821908,419.9,1228.2781039026602,
ZE,1068,DP1,-149.904824,62.826912,428.6,1182.473626412089,
ZE,1068,DP2,-149.904824,62.826912,428.6,1113.5961651500113,
ZE,1068,DPZ,-149.904824,62.826912,428.6,1185.9188050841424,
ZE,1069,DP1,-149.893784,62.834306,413.8,1318.7301984424264,
ZE,1069,DP2,-149.893784,62.834306,413.8,1325.2675705607899,
ZE,1069,DPZ,-149.893784,62.834306,413.8,1322.3488284210096,
ZE,1070,DP1,-149.883814,62.842279,405.6,1235.8695429575785,
ZE,1070,DP2,-149.883814,62.842279,405.6,1240.5157412824465,
ZE,1070,DPZ,-149.883814,62.842279,405.6,1276.2418312333903,
ZE,1071,DP1,-149.877376,62.850714,377.9,1157.222027472354,
ZE,1071,DP2,-149.877376,62.850714,377.9,1162.230104353942,
ZE,1071,DPZ,-149.877376,62.850714,377.9,1219.0299893426682,
ZE,1072,DP1,-149.874583,62.859341,370.1,1319.8222537369359,
ZE,1072,DP2,-149.874583,62.859341,370.1,1333.2439571559921,
ZE,1072,DPZ,-149.874583,62.859341,370.1,1312.940857661714,
ZE,1073,DP1,-149.861265,62.865665,367.8,1192.6938695363367,
ZE,1073,DP2,-149.861265,62.865665,367.8,1194.100639510699,
ZE,1073,DPZ,-149.861265,62.865665,367.8,1234.5658807873779,
ZE,1074,DP1,-149.843779,62.869764,373.8,1216.4308742298022,
ZE,1074,DP2,-149.843779,62.869764,373.8,1210.2296503781345,
ZE,1074,DPZ,-149.843779,62.869764,373.8,1262.941334536382,
ZE,1075,DP1,-149.832499,62.877373,379.6,1361.0686527725666,
ZE,1075,DP2,-149.832499,62.877373,379.6,1383.4135803263835,
ZE,1075,DPZ,-149.832499,62.877373,379.6,1362.2124774796705,
ZE,1076,DP1,-149.813021,62.876769,351.9,1347.7909287093366,
ZE,1076,DP2,-149.813021,62.876769,351.9,1358.472369642837,
ZE,1076,DPZ,-149.813021,62.876769,351.9,1333.7539122725627,
ZE,1077,DP1,-149.794453,62.879502,372.9,1262.186319348834,
ZE,1077,DP2,-149.794453,62.879502,372.9,1245.798864345155,
ZE,1077,DPZ,-149.794453,62.879502,372.9,1293.5167263704598,
ZE,1078,DP1,-149.78136,62.885616,402.1,1253.0956530632627,
ZE,1078,DP2,-149.78136,62.885616,402.1,1297.7853714617515,
ZE,1078,DPZ,-149.78136,62.885616,402.1,1306.1464790630341,
ZE,1079,DP1,-149.762365,62.89005,400.4,1315.019989002742,
ZE,1079,DP2,-149.762365,62.89005,400.4,1315.3759714519786,
ZE,1079,DPZ,-149.762365,62.89005,400.4,1338.3254743039315,
ZE,1080,DP1,-149.744463,62.893312,413.1,1313.4186179700291,
ZE,1080,DP2,-149.744463,62.893312,413.1,1324.959421572379,
ZE,1080,DPZ,-149.744463,62.893312,413.1,1300.967327918735,
ZE,1081,DP1,-149.733905,62.899791,429.8,1408.5971995605382,
ZE,1081,DP2,-149.733905,62.899791,429.8,1404.816845860719,
ZE,1081,DPZ,-149.733905,62.899791,429.8,1383.5011807529067,
ZE,1082,DP1,-149.720894,62.906329,399.9,1358.347768943397,
ZE,1082,DP2,-149.720894,62.906329,399.9,1365.181990438223,
ZE,1082,DPZ,-149.720894,62.906329,399.9,1358.7692636580227,
ZE,1083,DP1,-149.711395,62.91434,399.5,1333.2225066620429,
ZE,1083,DP2,-149.711395,62.91434,399.5,1328.3394389638659,
ZE,1083,DPZ,-149.711395,62.91434,399.5,1316.3767332859445,
ZE,1084,DP1,-149.70127,62.922236,407.6,1248.8384527731175,
ZE,1084,DP2,-149.70127,62.922236,407.6,1242.0059721537652,
ZE,1084,DPZ,-149.70127,62.922236,407.6,1266.4521061492237,
ZE,1085,DP1,-149.693521,62.930134,417.8,1326.1849931038075,
ZE,1085,DP2,-149.693521,62.930134,417.8,1321.0281090138803,
ZE,1085,DPZ,-149.693521,62.930134,417.8,1318.9834231020598,
ZE,1086,DP1,-149.680109,62.937043,450.5,1240.3550462545484,
ZE,1086,DP2,-149.680109,62.937043,450.5,1223.0704586083336,
ZE,1086,DPZ,-149.680109,62.937043,450.5,1284.1766646888327,
ZE,1087,DP1,-149.6714,62.945105,475.5,1221.3002222774242,
ZE,1087,DP2,-149.6714,62.945105,475.5,1307.3701246231687,
ZE,1087,DPZ,-149.6714,62.945105,475.5,1323.5836903190839,
ZE,1088,DP1,-149.660158,62.951994,497.1,1141.3869989869686,
ZE,1088,DP2,-149.660158,62.951994,497.1,1150.956784653519,
ZE,1088,DPZ,-149.660158,62.951994,497.1,1195.653699548921,
ZE,1089,DP1,-149.644702,62.957662,528.2,1209.3648829125314,
ZE,1089,DP2,-149.644702,62.957662,528.2,1170.1483777972057,
ZE,1089,DPZ,-149.644702,62.957662,528.2,1236.689421556482,
ZE,1090,DP1,-149.634415,62.965412,552.4,1316.1501164748327,
ZE,1090,DP2,-149.634415,62.965412,552.4,1348.5098817107414,
ZE,1090,DPZ,-149.634415,62.965412,552.4,1307.0418505063592,
ZE,1091,DP1,-149.630923,62.974325,527.6,1210.080819577825,
ZE,1091,DP2,-149.630923,62.974325,527.6,1248.7428262989936,
ZE,1091,DPZ,-149.630923,62.974325,527.6,1264.642500813765,
ZE,1092,DP1,-149.625538,62.982956,555.1,1386.4955739864145,
ZE,1092,DP2,-149.625538,62.982956,555.1,1389.3092235065235,
ZE,1092,DPZ,-149.625538,62.982956,555.1,1381.6690745123267,
ZE,1093,DP1,-149.622968,62.991181,541.2,1335.9521650466102,
ZE,1093,DP2,-149.622968,62.991181,541.2,1349.2076789032544,
ZE,1093,DPZ,-149.622968,62.991181,541.2,1335.6255474092434,
ZE,1094,DP1,-149.614837,62.997211,570.4,1271.512879691586,
ZE,1094,DP2,-149.614837,62.997211,570.4,1264.111133817134,
ZE,1094,DPZ,-149.614837,62.997211,570.4,1267.3874334034024,
ZE,1095,DP1,-149.600581,63.00566,569.6,1297.964077224779,
ZE,1095,DP2,-149.600581,63.00566,569.6,1288.4997135174474,
ZE,1095,DPZ,-149.600581,63.00566,569.6,1305.728718911975,
ZE,1096,DP1,-149.593341,63.013165,574.4,1208.5550324375597,
ZE,1096,DP2,-149.593341,63.013165,574.4,1173.6421152216744,
ZE,1096,DPZ,-149.593341,63.013165,574.4,1246.8317696371325,
ZE,1097,DP1,-149.589979,63.022091,549.7,1377.8350322954716,
ZE,1097,DP2,-149.589979,63.022091,549.7,1364.2528907153303,
ZE,1097,DPZ,-149.589979,63.022091,549.7,1357.513752262402,
ZE,1098,DP1,-149.58575,63.030947,537.7,1214.7377406019934,
ZE,1098,DP2,-149.58575,63.030947,537.7,1236.8273839720275,
ZE,1098,DPZ,-149.58575,63.030947,537.7,1239.979093938194,
ZE,1099,DP1,-149.585724,63.039802,529.8,1160.2024787222779,
ZE,1099,DP2,-149.585724,63.039802,529.8,1183.4446702902064,
ZE,1099,DPZ,-149.585724,63.039802,529.8,1236.6266955002327,
ZE,1100,DP1,-149.572765,63.046762,489.0,1309.8160000505998,
ZE,1100,DP2,-149.572765,63.046762,489.0,1313.6468160920506,
ZE,1100,DPZ,-149.572765,63.046762,489.0,1297.747122484037,
ZE,1101,DP1,-149.561283,63.05343,460.0,1329.778651359684,
ZE,1101,DP2,-149.561283,63.05343,460.0,1325.4568470887343,
ZE,1101,DPZ,-149.561283,63.05343,460.0,1343.5166820647598,
ZE,1103,DP1,-149.540574,63.066529,480.3,1364.7938392230717,
ZE,1103,DP2,-149.540574,63.066529,480.3,1385.6577480131969,
ZE,1103,DPZ,-149.540574,63.066529,480.3,1348.4617193959875,
ZE,1104,DP1,-149.530646,63.076311,556.9,1223.1892644590278,
ZE,1104,DP2,-149.530646,63.076311,556.9,1260.4384190132969,
ZE,1104,DPZ,-149.530646,63.076311,556.9,1266.7685594753145,
ZE,1105,DP1,-149.5226,63.083653,566.4,1147.074145289344,
ZE,1105,DP2,-149.5226,63.083653,566.4,1189.7415788180317,
ZE,1105,DPZ,-149.5226,63.083653,566.4,1250.3904229297025,
ZE,1106,DP1,-149.511118,63.09162,574.7,1166.7945328350731,
ZE,1106,DP2,-149.511118,63.09162,574.7,1179.5676822950363,
ZE,1106,DPZ,-149.511118,63.09162,574.7,1205.6568652815763,
ZE,1107,DP1,-149.497958,63.098773,572.0,1209.7586290070433,
ZE,1107,DP2,-149.497958,63.098773,572.0,1255.7542479540525,
ZE,1107,DPZ,-149.497958,63.098773,572.0,1246.259677262311,
ZE,1108,DP1,-149.489947,63.106174,543.4,1192.1137643862562,
ZE,1108,DP2,-149.489947,63.106174,543.4,1140.6171473447098,
ZE,1108,DPZ,-149.489947,63.106174,543.4,1236.677804961707,
ZE,1109,DP1,-149.47979,63.113714,542.1,1281.2428261105417,
ZE,1109,DP2,-149.47979,63.113714,542.1,1268.4718489000063,
ZE,1109,DPZ,-149.47979,63.113714,542.1,1283.8130310848524,
ZE,1110,DP1,-149.466959,63.120183,547.5,1246.4480517383354,
ZE,1110,DP2,-149.466959,63.120183,547.5,1275.9809393401051,
ZE,1110,DPZ,-149.466959,63.120183,547.5,1290.747611373006,
ZE,1111,DP1,-149.454887,63.126716,532.0,1241.7241665721613,
ZE,1111,DP2,-149.454887,63.126716,532.0,1234.1781971511477,
ZE,1111,DPZ,-149.454887,63.126716,532.0,1259.9008892611707,
ZE,1112,DP1,-149.444983,63.135254,525.5,1345.0779889258465,
ZE,1112,DP2,-149.444983,63.135254,525.5,1366.1604135727782,
ZE,1112,DPZ,-149.444983,63.135254,525.5,1350.401206707396,
ZE,1113,DP1,-149.428868,63.140711,534.4,1292.2291157043653,
ZE,1113,DP2,-149.428868,63.140711,534.4,1320.5899525261912,
ZE,1113,DPZ,-149.428868,63.140711,534.4,1325.611328773104,
ZE,1114,DP1,-149.421632,63.147264,548.6,1324.4318979925915,
ZE,1114,DP2,-149.421632,63.147264,548.6,1336.0924559443597,
ZE,1114,DPZ,-149.421632,63.147264,548.6,1329.5388475655927,
ZE,1115,DP1,-149.407226,63.153783,558.8,1351.1259654133241,
ZE,1115,DP2,-149.407226,63.153783,558.8,1340.1878750319474,
ZE,1115,DPZ,-149.407226,63.153783,558.8,1338.4884953652545,
ZE,1116,DP1,-149.396042,63.160286,570.3,1218.5447690679616,
ZE,1116,DP2,-149.396042,63.160286,570.3,1191.0678232155242,
ZE,1116,DPZ,-149.396042,63.160286,570.3,1242.0394138825447,
ZE,1117,DP1,-149.389575,63.167518,625.6,1337.4764718027548,
ZE,1117,DP2,-149.389575,63.167518,625.6,1335.35303199006,
ZE,1117,DPZ,-149.389575,63.167518,625.6,1339.4353171775465,
ZE,1118,DP1,-149.379094,63.176084,638.7,1243.3609733350684,
ZE,1118,DP2,-149.379094,63.176084,638.7,1232.6736319306501,
ZE,1118,DPZ,-149.379094,63.176084,638.7,1260.481004089125,
ZE,1119,DP1,-149.368847,63.183987,633.4,1218.1939108809281,
ZE,1119,DP2,-149.368847,63.183987,633.4,1278.0988824785888,
ZE,1119,DPZ,-149.368847,63.183987,633.4,1292.3299297050673,
ZE,1120,DP1,-149.357344,63.191906,638.1,1300.7072113087547,
ZE,1120,DP2,-149.357344,63.191906,638.1,1269.6406232911133,
ZE,1120,DPZ,-149.357344,63.191906,638.1,1313.5555064776872,
ZE,1121,DP1,-149.343893,63.19838,636.4,1231.3933715920002,
ZE,1121,DP2,-149.343893,63.19838,636.4,1258.0541802751363,
ZE,1121,DPZ,-149.343893,63.19838,636.4,1269.898200182739,
ZE,1122,DP1,-149.330429,63.204495,639.3,1290.5121132821914,
ZE,1122,DP2,-149.330429,63.204495,639.3,1261.609753538901,
ZE,1122,DPZ,-149.330429,63.204495,639.3,1316.0386350485226,
ZE,1123,DP1,-149.316267,63.211315,638.3,1343.5036693586558,
ZE,1123,DP2,-149.316267,63.211315,638.3,1347.3819919097746,
ZE,1123,DPZ,-149.316267,63.211315,638.3,1327.5305634310992,
ZE,1124,DP1,-149.300608,63.21676,643.3,1318.1756892101694,
ZE,1124,DP2,-149.300608,63.21676,643.3,1306.9314306564654,
ZE,1124,DPZ,-149.300608,63.21676,643.3,1296.9097753347642,
ZE,1125,DP1,-149.286523,63.22294,655.9,1327.6601092267713,
ZE,1125,DP2,-149.286523,63.22294,655.9,1325.564529909107,
ZE,1125,DPZ,-149.286523,63.22294,655.9,1323.4742791052408,
ZE,1126,DP1,-149.274017,63.230096,646.1,1338.6837604488305,
ZE,1126,DP2,-149.274017,63.230096,646.1,1345.6395249118975,
ZE,1126,DPZ,-149.274017,63.230096,646.1,1329.4495063267393,
ZE,1127,DP1,-149.262613,63.237204,654.4,1340.4963327783541,
ZE,1127,DP2,-149.262613,63.237204,654.4,1328.2669455841194,
ZE,1127,DPZ,-149.262613,63.237204,654.4,1311.0674548772736,
ZE,1128,DP1,-149.250903,63.243121,663.2,1276.4129630602008,
ZE,1128,DP2,-149.250903,63.243121,663.2,1301.7763392497957,
ZE,1128,DPZ,-149.250903,63.243121,663.2,1305.0560367291591,
ZE,1130,DP1,-149.252025,63.258694,684.5,1323.7004376411412,
ZE,1130,DP2,-149.252025,63.258694,684.5,1285.8234746578999,
ZE,1130,DPZ,-149.252025,63.258694,684.5,1319.9006323611566,
ZE,1131,DP1,-149.24022,63.265663,694.0,1342.6095326507782,
ZE,1131,DP2,-149.24022,63.265663,694.0,1323.320912272704,
ZE,1131,DPZ,-149.24022,63.265663,694.0,1311.9539128689146,
ZE,1132,DP1,-149.226181,63.272654,700.2,1303.2829720337845,
ZE,1132,DP2,-149.226181,63.272654,700.2,1331.5152979215038,
ZE,1132,DPZ,-149.226181,63.272654,700.2,1305.4348847803806,
ZE,1133,DP1,-149.216818,63.280963,713.9,1345.9618320277505,
ZE,1133,DP2,-149.216818,63.280963,713.9,1349.1405507645745,
ZE,1133,DPZ,-149.216818,63.280963,713.9,1319.0160630252951,
ZE,1134,DP1,-149.213446,63.288827,717.7,1351.6389844075388,
ZE,1134,DP2,-149.213446,63.288827,717.7,1344.5063702376744,
ZE,1134,DPZ,-149.213446,63.288827,717.7,1327.6934377837097,
ZE,1135,DP1,-149.206133,63.296499,723.8,1316.7284396603459,
ZE,1135,DP2,-149.206133,63.296499,723.8,1328.1746453312746,
ZE,1135,DPZ,-149.206133,63.296499,723.8,1335.596242951049,
ZE,1136,DP1,-149.190045,63.303691,733.3,1327.8236657860011,
ZE,1136,DP2,-149.190045,63.303691,733.3,1311.2882396410143,
ZE,1136,DPZ,-149.190045,63.303691,733.3,1307.4030866554922,
ZE,1137,DP1,-149.175829,63.309403,731.8,1299.5660790328286,
ZE,1137,DP2,-149.175829,63.309403,731.8,1299.3093582577621,
ZE,1137,DPZ,-149.175829,63.309403,731.8,1274.1305734468203,
ZE,1138,DP1,-149.160576,63.3146,722.8,1363.2096935842142,
ZE,1138,DP2,-149.160576,63.3146,722.8,1370.4898468948124,
ZE,1138,DPZ,-149.160576,63.3146,722.8,1368.3642296174746,
ZE,1139,DP1,-149.14533,63.321303,736.7,1318.6367409654856,
ZE,1139,DP2,-149.14533,63.321303,736.7,1328.3530089755077,
ZE,1139,DPZ,-149.14533,63.321303,736.7,1325.98676077447,
ZE,1140,DP1,-149.13066,63.327235,726.1,1281.6394096083886,
ZE,1140,DP2,-149.13066,63.327235,726.1,1244.0793425390516,
ZE,1140,DPZ,-149.13066,63.327235,726.1,1279.881055732473,
ZE,1141,DP1,-149.116939,63.333495,725.3,1369.1138904167155,
ZE,1141,DP2,-149.116939,63.333495,725.3,1375.6928024133156,
ZE,1141,DPZ,-149.116939,63.333495,725.3,1354.6884666122444,
ZE,1142,DP1,-149.100594,63.338729,727.7,1274.4425645825668,
ZE,1142,DP2,-149.100594,63.338729,727.7,1244.7980350994205,
ZE,1142,DPZ,-149.100594,63.338729,727.7,1324.1369809378732,
ZE,1143,DP1,-149.082089,63.344337,713.2,1346.3704056671722,
ZE,1143,DP2,-149.082089,63.344337,713.2,1337.009117946638,
ZE,1143,DPZ,-149.082089,63.344337,713.2,1327.707312803654,
ZE,1144,DP1,-149.066912,63.348906,711.3,1295.6104992896403,
ZE,1144,DP2,-149.066912,63.348906,711.3,1316.0128484381703,
ZE,1144,DPZ,-149.066912,63.348906,711.3,1331.382844063064,
ZE,1145,DP1,-149.053416,63.353686,700.7,1316.2289015259228,
ZE,1145,DP2,-149.053416,63.353686,700.7,1319.0846079154041,
ZE,1145,DPZ,-149.053416,63.353686,700.7,1299.532731525079,
ZE,1146,DP1,-149.034692,63.358458,693.7,1308.5620564175952,
ZE,1146,DP2,-149.034692,63.358458,693.7,1302.5344589374172,
ZE,1146,DPZ,-149.034692,63.358458,693.7,1302.7517989023506,
ZE,1147,DP1,-149.015436,63.362104,698.9,1311.1783309487937,
ZE,1147,DP2,-149.015436,63.362104,698.9,1275.5971972961,
ZE,1147,DPZ,-149.015436,63.362104,698.9,1295.7519616568013,
ZE,1148,DP1,-149.000159,63.368117,675.6,1210.5678949598525,
ZE,1148,DP2,-149.000159,63.368117,675.6,1231.9193257398047,
ZE,1148,DPZ,-149.000159,63.368117,675.6,1294.4979557841452,
ZE,1149,DP1,-148.983698,63.372426,690.2,1337.7746660685034,
ZE,1149,DP2,-148.983698,63.372426,690.2,1320.729042343249,
ZE,1149,DPZ,-148.983698,63.372426,690.2,1374.4116353254683,
ZE,1150,DP1,-148.963725,63.374165,679.7,1382.1575455371076,
ZE,1150,DP2,-148.963725,63.374165,679.7,1364.1152900166862,
ZE,1150,DPZ,-148.963725,63.374165,679.7,1386.1636143370297,
ZE,1151,DP1,-148.94514,63.377714,665.0,1354.3361827573906,
ZE,1151,DP2,-148.94514,63.377714,665.0,1368.977284035229,
ZE,1151,DPZ,-148.94514,63.377714,665.0,1364.7842074010327,
ZE,1152,DP1,-148.927312,63.380852,654.7,1291.0528118404038,
ZE,1152,DP2,-148.927312,63.380852,654.7,1288.172275623747,
ZE,1152,DPZ,-148.927312,63.380852,654.7,1280.0502505844133,
ZE,1153,DP1,-148.907745,63.386244,654.2,1305.4666103818918,
ZE,1153,DP2,-148.907745,63.386244,654.2,1293.312002947416,
ZE,1153,DPZ,-148.907745,63.386244,654.2,1272.114388557832,
ZE,1154,DP1,-148.898712,63.392871,652.2,1270.9932988937062,
ZE,1154,DP2,-148.898712,63.392871,652.2,1293.0130724118221,
ZE,1154,DPZ,-148.898712,63.392871,652.2,1273.8172351884011,
ZE,1155,DP1,-148.889143,63.400678,645.9,1285.0562412886304,
ZE,1155,DP2,-148.889143,63.400678,645.9,1294.6764039955217,
ZE,1155,DPZ,-148.889143,63.400678,645.9,1278.8809013057435,
ZE,1156,DP1,-148.884498,63.409151,637.9,1315.410969245543,
ZE,1156,DP2,-148.884498,63.409151,637.9,1309.8357337726163,
ZE,1156,DPZ,-148.884498,63.409151,637.9,1312.3547975152153,
ZE,1157,DP1,-148.880222,63.41789,634.8,1335.721221432731,
ZE,1157,DP2,-148.880222,63.41789,634.8,1314.705658347962,
ZE,1157,DPZ,-148.880222,63.41789,634.8,1295.966596018378,
ZE,1158,DP1,-148.877391,63.426986,632.9,1331.6745243092505,
ZE,1158,DP2,-148.877391,63.426986,632.9,1325.7959786450278,
ZE,1158,DPZ,-148.877391,63.426986,632.9,1320.7684311888881,
ZE,1159,DP1,-148.866363,63.435017,626.9,1303.11897580159,
ZE,1159,DP2,-148.866363,63.435017,626.9,1306.1432528988066,
ZE,1159,DPZ,-148.866363,63.435017,626.9,1316.7791659650165,
ZE,1160,DP1,-148.852805,63.440619,623.2,1308.8891865609487,
ZE,1160,DP2,-148.852805,63.440619,623.2,1308.282766614032,
ZE,1160,DPZ,-148.852805,63.440619,623.2,1296.0735473042184,
ZE,1161,DP1,-148.836696,63.446988,618.8,1284.708978124603,
ZE,1161,DP2,-148.836696,63.446988,618.8,1288.8740449269937,
ZE,1161,DPZ,-148.836696,63.446988,618.8,1284.0929980267358,
ZE,1162,DP1,-148.821322,63.45222,617.7,1181.8052959797435,
ZE,1162,DP2,-148.821322,63.45222,617.7,1170.1920123067882,
ZE,1162,DPZ,-148.821322,63.45222,617.7,1219.2143822143123,
ZE,1163,DP1,-148.806827,63.45607,613.4,1272.8956458379948,
ZE,1163,DP2,-148.806827,63.45607,613.4,1275.711588869062,
ZE,1163,DPZ,-148.806827,63.45607,613.4,1265.1365433768774,
ZE,1164,DP1,-148.805967,63.463542,648.4,1341.810253070061,
ZE,1164,DP2,-148.805967,63.463542,648.4,1342.2343005987063,
ZE,1164,DPZ,-148.805967,63.463542,648.4,1344.3004950026984,
ZE,1165,DP1,-148.817185,63.472761,628.9,1106.0215232272008,
ZE,1165,DP2,-148.817185,63.472761,628.9,1103.9491309611544,
ZE,1165,DPZ,-148.817185,63.472761,628.9,1161.8637369654812,
ZE,1166,DP1,-148.820449,63.481088,614.9,1305.0807301033033,
ZE,1166,DP2,-148.820449,63.481088,614.9,1303.8170254405263,
ZE,1166,DPZ,-148.820449,63.481088,614.9,1286.3273907883759,
ZE,1167,DP1,-148.821687,63.489657,612.0,1192.9043977927454,
ZE,1167,DP2,-148.821687,63.489657,612.0,1268.2041236561824,
ZE,1167,DPZ,-148.821687,63.489657,612.0,1251.9675594148912,
ZE,1168,DP1,-148.815591,63.498004,613.5,1320.118397774273,
ZE,1168,DP2,-148.815591,63.498004,613.5,1326.700344570908,
ZE,1168,DPZ,-148.815591,63.498004,613.5,1333.4123791680618,
ZE,1169,DP1,-148.814872,63.508236,616.1,1270.4951257400528,
ZE,1169,DP2,-148.814872,63.508236,616.1,1260.5065015118057,
ZE,1169,DPZ,-148.814872,63.508236,616.1,1252.967923442038,
ZE,1170,DP1,-148.807062,63.515478,600.4,1167.10034791298,
ZE,1170,DP2,-148.807062,63.515478,600.4,1156.8824612930468,
ZE,1170,DPZ,-148.807062,63.515478,600.4,1196.411451009591,
ZE,1171,DP1,-148.803513,63.523484,596.2,1187.7109257713505,
ZE,1171,DP2,-148.803513,63.523484,596.2,1140.6120685827652,
ZE,1171,DPZ,-148.803513,63.523484,596.2,1196.045704845031,
ZE,1172,DP1,-148.807602,63.532438,597.7,1074.6038920975973,
ZE,1172,DP2,-148.807602,63.532438,597.7,1086.4307758580587,
ZE,1172,DPZ,-148.807602,63.532438,597.7,1129.7943907737483,
ZE,1173,DP1,-148.807323,63.541291,594.2,1287.4505538536928,
ZE,1173,DP2,-148.807323,63.541291,594.2,1271.4355044579604,
ZE,1173,DPZ,-148.807323,63.541291,594.2,1251.9493727724803,
ZE,1174,DP1,-148.812151,63.549765,595.9,1122.1067760989627,
ZE,1174,DP2,-148.812151,63.549765,595.9,1167.7676030173714,
ZE,1174,DPZ,-148.812151,63.549765,595.9,1194.7717948562452,
ZE,1175,DP1,-148.822071,63.557392,592.4,1225.9905505813344,
ZE,1175,DP2,-148.822071,63.557392,592.4,1218.3018638258436,
ZE,1175,DPZ,-148.822071,63.557392,592.4,1231.2325185970979,
ZE,1176,DP1,-148.817129,63.566584,612.2,1233.9457857762798,
ZE,1176,DP2,-148.817129,63.566584,612.2,1250.1512407751975,
ZE,1176,DPZ,-148.817129,63.566584,612.2,1254.5958857094627,
ZE,1177,DP1,-148.811191,63.574772,640.4,1303.8683716526577,
ZE,1177,DP2,-148.811191,63.574772,640.4,1300.0738736457436,
ZE,1177,DPZ,-148.811191,63.574772,640.4,1281.2371523480515,
ZE,1178,DP1,-148.807273,63.583631,634.5,1302.8955980221476,
ZE,1178,DP2,-148.807273,63.583631,634.5,1304.4122544050354,
ZE,1178,DPZ,-148.807273,63.583631,634.5,1284.1592461139917,
ZE,1179,DP1,-148.806954,63.592065,653.8,1285.1352796532608,
ZE,1179,DP2,-148.806954,63.592065,653.8,1298.4851177192309,
ZE,1179,DPZ,-148.806954,63.592065,653.8,1285.9167662850698,
ZE,1180,DP1,-148.800466,63.601173,657.9,1164.8501947408,
ZE,1180,DP2,-148.800466,63.601173,657.9,1151.2028184079106,
ZE,1180,DPZ,-148.800466,63.601173,657.9,1202.0844561802987,
ZE,1181,DP1,-148.790558,63.608591,659.9,1304.0383248023177,
ZE,1181,DP2,-148.790558,63.608591,659.9,1302.4903925213778,
ZE,1181,DPZ,-148.790558,63.608591,659.9,1274.9518117666642,
ZE,1182,DP1,-148.783681,63.616642,644.2,1275.2759595192201,
ZE,1182,DP2,-148.783681,63.616642,644.2,1268.0755144666466,
ZE,1182,DPZ,-148.783681,63.616642,644.2,1292.4345708900528,
ZE,1183,DP1,-148.782937,63.625923,643.4,1319.2579551176527,
ZE,1183,DP2,-148.782937,63.625923,643.4,1314.5782012008701,
ZE,1183,DPZ,-148.782937,63.625923,643.4,1299.9684741637043,
ZE,1184,DP1,-148.788115,63.634031,634.4,1454.8369597263693,
ZE,1184,DP2,-148.788115,63.634031,634.4,1380.524513797047,
ZE,1184,DPZ,-148.788115,63.634031,634.4,1325.0418227090854,
ZE,1185,DP1,-148.798385,63.642035,626.1,1467.2703637487623,
ZE,1185,DP2,-148.798385,63.642035,626.1,1462.4795499930292,
ZE,1185,DPZ,-148.798385,63.642035,626.1,1484.9392346016048,
ZE,1186,DP1,-148.811828,63.648384,611.7,1224.345242353648,
ZE,1186,DP2,-148.811828,63.648384,611.7,1231.623207231227,
ZE,1186,DPZ,-148.811828,63.648384,611.7,1282.8550251207334,
ZE,1187,DP1,-148.830025,63.652448,584.6,1288.96019126342,
ZE,1187,DP2,-148.830025,63.652448,584.6,1301.0524818911854,
ZE,1187,DPZ,-148.830025,63.652448,584.6,1289.122162477715,
ZE,1188,DP1,-148.840353,63.659954,577.8,1328.8017093580422,
ZE,1188,DP2,-148.840353,63.659954,577.8,1312.667703717983,
ZE,1188,DPZ,-148.840353,63.659954,577.8,1324.619854547993,
ZE,1189,DP1,-148.833269,63.667713,583.3,1299.5932303939398,
ZE,1189,DP2,-148.833269,63.667713,583.3,1309.3551437444598,
ZE,1189,DPZ,-148.833269,63.667713,583.3,1301.9813645576405,
ZE,1190,DP1,-148.825525,63.675332,576.9,1351.8361618062713,
ZE,1190,DP2,-148.825525,63.675332,576.9,1344.1165374931202,
ZE,1190,DPZ,-148.825525,63.675332,576.9,1337.1364090173145,
ZE,1191,DP1,-148.836704,63.682447,557.1,1316.8734027130035,
ZE,1191,DP2,-148.836704,63.682447,557.1,1312.4010351631127,
ZE,1191,DPZ,-148.836704,63.682447,557.1,1325.638582676466,
ZE,1192,DP1,-148.84788,63.689294,552.3,1311.0883954139238,
ZE,1192,DP2,-148.84788,63.689294,552.3,1300.201256798934,
ZE,1192,DPZ,-148.84788,63.689294,552.3,1303.7469834678752,
ZE,1193,DP1,-148.862038,63.694582,559.8,1347.8915200966055,
ZE,1193,DP2,-148.862038,63.694582,559.8,1350.0293100505316,
ZE,1193,DPZ,-148.862038,63.694582,559.8,1343.73951364302,
ZE,1194,DP1,-148.878137,63.701291,557.6,1341.586528703976,
ZE,1194,DP2,-148.878137,63.701291,557.6,1344.5098441516411,
ZE,1194,DPZ,-148.878137,63.701291,557.6,1317.3790222628136,
ZE,1195,DP1,-148.885553,63.708898,550.8,1347.6938809614453,
ZE,1195,DP2,-148.885553,63.708898,550.8,1349.6047730379682,
ZE,1195,DPZ,-148.885553,63.708898,550.8,1350.6225778803223,
ZE,1196,DP1,-148.895048,63.717695,536.4,1337.3135120245074,
ZE,1196,DP2,-148.895048,63.717695,536.4,1336.2792173268272,
ZE,1196,DPZ,-148.895048,63.717695,536.4,1323.615103101312,
ZE,1197,DP1,-148.890259,63.72594,484.4,1329.925033439242,
ZE,1197,DP2,-148.890259,63.72594,484.4,1328.7257304569566,
ZE,1197,DPZ,-148.890259,63.72594,484.4,1332.626648741251,
ZE,1199,DP1,-148.893388,63.741684,486.8,1225.885266990841,
ZE,1199,DP2,-148.893388,63.741684,486.8,1221.980725070748,
ZE,1199,DPZ,-148.893388,63.741684,486.8,1285.8691756926978,
ZE,1200,DP1,-148.899,63.750189,477.7,1368.4609491648018,
ZE,1200,DP2,-148.899,63.750189,477.7,1370.5663003654063,
ZE,1200,DPZ,-148.899,63.750189,477.7,1365.9051507447996,
ZE,1201,DP1,-148.901894,63.759115,445.8,1336.939761358394,
ZE,1201,DP2,-148.901894,63.759115,445.8,1339.9691573752193,
ZE,1201,DPZ,-148.901894,63.759115,445.8,1366.289289675826,
ZE,1202,DP1,-148.910597,63.766817,455.3,1302.1358350030546,
ZE,1202,DP2,-148.910597,63.766817,455.3,1300.3916357712505,
ZE,1202,DPZ,-148.910597,63.766817,455.3,1302.640593265237,
ZE,1203,DP1,-148.910739,63.775689,438.9,1358.3173435704634,
ZE,1203,DP2,-148.910739,63.775689,438.9,1370.1286826529413,
ZE,1203,DPZ,-148.910739,63.775689,438.9,1345.195593381859,
ZE,1204,DP1,-148.913211,63.784095,443.0,1285.0543382489184,
ZE,1204,DP2,-148.913211,63.784095,443.0,1308.594845654709,
ZE,1204,DPZ,-148.913211,63.784095,443.0,1334.1447164164967,
ZE,1205,DP1,-148.921068,63.792526,463.3,1052.7442997887022,
ZE,1205,DP2,-148.921068,63.792526,463.3,1058.062196282078,
ZE,1205,DPZ,-148.921068,63.792526,463.3,1189.248304842048,
ZE,1206,DP1,-148.928572,63.800635,480.5,916.2269560837163,
ZE,1206,DP2,-148.928572,63.800635,480.5,924.1454823649724,
ZE,1206,DPZ,-148.928572,63.800635,480.5,1083.1718452409204,
ZE,1207,DP1,-148.945445,63.804335,505.1,1327.106860945199,
ZE,1207,DP2,-148.945445,63.804335,505.1,1345.3083598702185,
ZE,1207,DPZ,-148.945445,63.804335,505.1,1323.1849513109157,
ZE,1208,DP1,-148.962058,63.807857,533.3,1356.2029582251735,
ZE,1208,DP2,-148.962058,63.807857,533.3,1366.089705737829,
ZE,1208,DPZ,-148.962058,63.807857,533.3,1346.050270648758,
ZE,1209,DP1,-148.975645,63.814693,520.9,1312.6462297050277,
ZE,1209,DP2,-148.975645,63.814693,520.9,1314.665627695908,
ZE,1209,DPZ,-148.975645,63.814693,520.9,1293.6542370810123,
ZE,1211,DP1,-149.000737,63.828531,536.7,1207.6920575040572,
ZE,1211,DP2,-149.000737,63.828531,536.7,1208.6980943520707,
ZE,1211,DPZ,-149.000737,63.828531,536.7,1295.4004087959197,
ZE,1212,DP1,-149.010507,63.836897,537.3,1326.0645197051101,
ZE,1212,DP2,-149.010507,63.836897,537.3,1326.198561111058,
ZE,1212,DPZ,-149.010507,63.836897,537.3,1321.4061326880023,
ZE,1213,DP1,-149.014536,63.84568,538.6,1214.3493463249317,
ZE,1213,DP2,-149.014536,63.84568,538.6,1224.2926503821084,
ZE,1213,DPZ,-149.014536,63.84568,538.6,1275.0662600692733,
ZE,1214,DP1,-149.011674,63.852804,510.2,1307.2686656401495,
ZE,1214,DP2,-149.011674,63.852804,510.2,1303.3149327191168,
ZE,1214,DPZ,-149.011674,63.852804,510.2,1287.4673116277868,
ZE,1215,DP1,-149.018005,63.8624,456.4,1183.0228306395934,
ZE,1215,DP2,-149.018005,63.8624,456.4,1197.18733474757,
ZE,1215,DPZ,-149.018005,63.8624,456.4,1266.5197739681812,
ZE,1216,DP1,-149.020315,63.87147,456.1,1239.4416190800946,
ZE,1216,DP2,-149.020315,63.87147,456.1,1236.366370027575,
ZE,1216,DPZ,-149.020315,63.87147,456.1,1238.3480557405849,
ZE,1217,DP1,-149.024133,63.878865,438.8,1220.5144505726428,
ZE,1217,DP2,-149.024133,63.878865,438.8,1209.3684743156123,
ZE,1217,DPZ,-149.024133,63.878865,438.8,1242.5921345129248,
ZE,1218,DP1,-149.037099,63.887276,433.4,1305.22125152054,
ZE,1218,DP2,-149.037099,63.887276,433.4,1303.8255173265832,
ZE,1218,DPZ,-149.037099,63.887276,433.4,1282.4889586627285,
ZE,1219,DP1,-149.048372,63.894582,419.4,1256.0931253644023,
ZE,1219,DP2,-149.048372,63.894582,419.4,1257.2014650217577,
ZE,1219,DPZ,-149.048372,63.894582,419.4,1285.5904908725302,
ZE,1220,DP1,-149.063137,63.901385,451.8,1191.399369534856,
ZE,1220,DP2,-149.063137,63.901385,451.8,1198.4075519014596,
ZE,1220,DPZ,-149.063137,63.901385,451.8,1233.8154681567728,
ZE,1221,DP1,-149.074142,63.908846,418.3,1248.4058637463122,
ZE,1221,DP2,-149.074142,63.908846,418.3,1255.464044579317,
ZE,1221,DPZ,-149.074142,63.908846,418.3,1311.1012684602304,
ZE,1222,DP1,-149.084819,63.915724,416.1,1250.6760943153572,
ZE,1222,DP2,-149.084819,63.915724,416.1,1242.3006502731293,
ZE,1222,DPZ,-149.084819,63.915724,416.1,1267.2195158245713,
ZE,1223,DP1,-149.091033,63.923932,418.8,1306.307005411675,
ZE,1223,DP2,-149.091033,63.923932,418.8,1296.5593026442095,
ZE,1223,DPZ,-149.091033,63.923932,418.8,1327.032167330827,
ZE,1224,DP1,-149.098574,63.931988,415.9,1162.062176418415,
ZE,1224,DP2,-149.098574,63.931988,415.9,1160.1690385225022,
ZE,1224,DPZ,-149.098574,63.931988,415.9,1241.492978785272,
ZE,1225,DP1,-149.112822,63.938813,431.6,1249.6830284042617,
ZE,1225,DP2,-149.112822,63.938813,431.6,1255.4239537502137,
ZE,1225,DPZ,-149.112822,63.938813,431.6,1272.5302695165437,
ZE,1226,DP1,-149.118547,63.947016,420.7,1292.500382192358,
ZE,1226,DP2,-149.118547,63.947016,420.7,1275.2007893314938,
ZE,1226,DPZ,-149.118547,63.947016,420.7,1281.3946871340895,
ZE,1227,DP1,-149.121503,63.955506,412.0,1285.5743236989547,
ZE,1227,DP2,-149.121503,63.955506,412.0,1284.9461170781385,
ZE,1227,DPZ,-149.121503,63.955506,412.0,1286.706877376361,
ZE,1228,DP1,-149.125224,63.963936,413.0,1308.7928404507609,
ZE,1228,DP2,-149.125224,63.963936,413.0,1303.4585525403745,
ZE,1228,DPZ,-149.125224,63.963936,413.0,1331.181314453459,
ZE,1229,DP1,-149.121363,63.973911,405.5,1290.8115823783344,
ZE,1229,DP2,-149.121363,63.973911,405.5,1279.9223520820697,
ZE,1229,DPZ,-149.121363,63.973911,405.5,1296.5558874620183,
ZE,1230,DP1,-149.121513,63.982154,363.8,1339.498143907996,
ZE,1230,DP2,-149.121513,63.982154,363.8,1334.0257571082543,
ZE,1230,DPZ,-149.121513,63.982154,363.8,1346.9695818193163,
ZE,1231,DP1,-149.129765,63.988996,335.8,1321.1691430841418,
ZE,1231,DP2,-149.129765,63.988996,335.8,1323.5682618081532,
ZE,1231,DPZ,-149.129765,63.988996,335.8,1333.9150233312814,
ZE,1232,DP1,-149.135315,63.997762,335.2,1296.4512467596467,
ZE,1232,DP2,-149.135315,63.997762,335.2,1290.2021197345189,
ZE,1232,DPZ,-149.135315,63.997762,335.2,1272.4417117870191,
ZE,1233,DP1,-149.13754,64.005705,333.8,1247.4780692459763,
ZE,1233,DP2,-149.13754,64.005705,333.8,1256.0096860315207,
ZE,1233,DPZ,-149.13754,64.005705,333.8,1260.6542224243149,
ZE,1234,DP1,-149.142881,64.01491,318.2,1339.7456238947987,
ZE,1234,DP2,-149.142881,64.01491,318.2,1335.8496881003955,
ZE,1234,DPZ,-149.142881,64.01491,318.2,1317.368285013368,
ZE,1235,DP1,-149.145721,64.023862,321.3,1229.170976487424,
ZE,1235,DP2,-149.145721,64.023862,321.3,1182.943500080697,
ZE,1235,DPZ,-149.145721,64.023862,321.3,1234.4816588309347,
ZE,1236,DP1,-149.145261,64.032746,322.3,1217.3711087546667,
ZE,1236,DP2,-149.145261,64.032746,322.3,1226.424509323944,
ZE,1236,DPZ,-149.145261,64.032746,322.3,1247.5246217285176,
ZE,1237,DP1,-149.159064,64.039357,349.4,1258.262648266335,
ZE,1237,DP2,-149.159064,64.039357,349.4,1231.7796171908985,
ZE,1237,DPZ,-149.159064,64.039357,349.4,1277.5575161055513,
ZE,1238,DP1,-149.172118,64.045587,349.3,1348.6898246773203,
ZE,1238,DP2,-149.172118,64.045587,349.3,1348.8621223982748,
ZE,1238,DPZ,-149.172118,64.045587,349.3,1356.8987637560997,
ZE,1239,DP1,-149.184093,64.053572,340.6,1289.3424635393208,
ZE,1239,DP2,-149.184093,64.053572,340.6,1296.596214289204,
ZE,1239,DPZ,-149.184093,64.053572,340.6,1274.2872943544319,
ZE,1240,DP1,-149.193686,64.06171,334.7,1308.9940991700055,
ZE,1240,DP2,-149.193686,64.06171,334.7,1308.5792409396065,
ZE,1240,DPZ,-149.193686,64.06171,334.7,1311.330431907344,
ZE,1241,DP1,-149.200448,64.070213,323.4,1270.000361779431,
ZE,1241,DP2,-149.200448,64.070213,323.4,1271.887786001865,
ZE,1241,DPZ,-149.200448,64.070213,323.4,1269.7840172708243,
ZE,1242,DP1,-149.204868,64.078288,322.3,1355.252165657346,
ZE,1242,DP2,-149.204868,64.078288,322.3,1350.9378311275232,
ZE,1242,DPZ,-149.204868,64.078288,322.3,1359.6166620766357,
ZE,1243,DP1,-149.218226,64.084856,318.2,1336.9433986939298,
ZE,1243,DP2,-149.218226,64.084856,318.2,1328.5379314816357,
ZE,1243,DPZ,-149.218226,64.084856,318.2,1328.750320106457,
ZE,1244,DP1,-149.228386,64.092856,305.2,1247.286150471145,
ZE,1244,DP2,-149.228386,64.092856,305.2,1210.869601100345,
ZE,1244,DPZ,-149.228386,64.092856,305.2,1238.5864462817442,
ZE,1245,DP1,-149.23114,64.101357,301.6,1273.3547961614627,
ZE,1245,DP2,-149.23114,64.101357,301.6,1296.7558722265198,
ZE,1245,DPZ,-149.23114,64.101357,301.6,1259.8789130083883,
ZE,1246,DP1,-149.241337,64.109171,296.9,1254.1029500424595,
ZE,1246,DP2,-149.241337,64.109171,296.9,1267.0049895952438,
ZE,1246,DPZ,-149.241337,64.109171,296.9,1307.860135717238,
ZE,1247,DP1,-149.24577,64.116932,276.4,1330.9220694042901,
ZE,1247,DP2,-149.24577,64.116932,276.4,1321.3316267961982,
ZE,1247,DPZ,-149.24577,64.116932,276.4,1343.2673305958924,
ZE,1248,DP1,-149.247597,64.126397,269.3,1333.0500389887975,
ZE,1248,DP2,-149.247597,64.126397,269.3,1326.8660934277757,
ZE,1248,DPZ,-149.247597,64.126397,269.3,1337.2241940348054,
ZE,1249,DP1,-149.25506,64.133801,270.0,1260.3884480262645,
ZE,1249,DP2,-149.25506,64.133801,270.0,1270.3611971573127,
ZE,1249,DPZ,-149.25506,64.133801,270.0,1268.800671237918,
ZE,1250,DP1,-149.269214,64.14149,274.0,1287.8321270580086,
ZE,1250,DP2,-149.269214,64.14149,274.0,1292.9707645814012,
ZE,1250,DPZ,-149.269214,64.14149,274.0,1346.0526027610242,
ZE,1251,DP1,-149.277826,64.149162,270.0,1234.8828849561244,
ZE,1251,DP2,-149.277826,64.149162,270.0,1249.9426276914007,
ZE,1251,DPZ,-149.277826,64.149162,270.0,1328.629950751094,
ZE,1252,DP1,-149.285286,64.157589,267.7,1319.558355183358,
ZE,1252,DP2,-149.285286,64.157589,267.7,1310.0891314935025,
ZE,1252,DPZ,-149.285286,64.157589,267.7,1340.1161365191506,
ZE,1253,DP1,-149.290315,64.166195,260.6,1318.552815619125,
ZE,1253,DP2,-149.290315,64.166195,260.6,1318.657107313775,
ZE,1253,DPZ,-149.290315,64.166195,260.6,1335.3392110743475,
ZE,1254,DP1,-149.29314,64.174613,257.6,1324.1863313390793,
ZE,1254,DP2,-149.29314,64.174613,257.6,1325.5015671573276,
ZE,1254,DPZ,-149.29314,64.174613,257.6,1320.6262441438141,
ZE,1255,DP1,-149.300474,64.18374,254.1,1264.6148897613018,
ZE,1255,DP2,-149.300474,64.18374,254.1,1266.9102761016363,
ZE,1255,DPZ,-149.300474,64.18374,254.1,1296.2011860631485,
ZE,1256,DP1,-149.299822,64.193183,237.6,1245.930321884593,
ZE,1256,DP2,-149.299822,64.193183,237.6,1264.4220096406011,
ZE,1256,DPZ,-149.299822,64.193183,237.6,1309.5930852307592,
ZE,1257,DP1,-149.299472,64.201949,236.9,1298.6091112463494,
ZE,1257,DP2,-149.299472,64.201949,236.9,1309.359620048811,
ZE,1257,DPZ,-149.299472,64.201949,236.9,1327.3127608584182,
ZE,1258,DP1,-149.299767,64.210839,234.4,1295.0911988629828,
ZE,1258,DP2,-149.299767,64.210839,234.4,1285.034919643807,
ZE,1258,DPZ,-149.299767,64.210839,234.4,1283.124156956345,
ZE,1259,DP1,-149.289209,64.217535,217.5,1264.172475637702,
ZE,1259,DP2,-149.289209,64.217535,217.5,1259.7846229913102,
ZE,1259,DPZ,-149.289209,64.217535,217.5,1264.4916593179755,
ZE,1260,DP1,-149.272675,64.21879,219.7,1285.6747715954127,
ZE,1260,DP2,-149.272675,64.21879,219.7,1287.4965419248806,
ZE,1260,DPZ,-149.272675,64.21879,219.7,1274.1353708406366,
ZE,1261,DP1,-149.24997,64.222183,218.3,1299.210098710885,
ZE,1261,DP2,-149.24997,64.222183,218.3,1295.9491693907732,
ZE,1261,DPZ,-149.24997,64.222183,218.3,1282.074974555392,
ZE,1262,DP1,-149.236873,64.228981,213.1,1276.0114227666854,
ZE,1262,DP2,-149.236873,64.228981,213.1,1272.3747194859063,
ZE,1262,DPZ,-149.236873,64.228981,213.1,1263.1191673212252,
ZE,1263,DP1,-149.224911,64.235305,209.4,1270.497532495315,
ZE,1263,DP2,-149.224911,64.235305,209.4,1258.3459852755552,
ZE,1263,DPZ,-149.224911,64.235305,209.4,1252.265044965506,
ZE,1264,DP1,-149.211156,64.242791,204.0,1285.4889154539314,
ZE,1264,DP2,-149.211156,64.242791,204.0,1284.4321400875838,
ZE,1264,DPZ,-149.211156,64.242791,204.0,1266.7598077762366,
ZE,1265,DP1,-149.197612,64.250138,200.3,1291.8487712781757,
ZE,1265,DP2,-149.197612,64.250138,200.3,1288.5272874598677,
ZE,1265,DPZ,-149.197612,64.250138,200.3,1268.0750186497503,
ZE,1266,DP1,-149.183751,64.257048,195.5,1305.6551460294602,
ZE,1266,DP2,-149.183751,64.257048,195.5,1308.7328485555424,
ZE,1266,DPZ,-149.183751,64.257048,195.5,1288.9512451451478,
ZE,1267,DP1,-149.165793,64.260397,193.1,1268.4794240898689,
ZE,1267,DP2,-149.165793,64.260397,193.1,1263.9250330950113,
ZE,1267,DPZ,-149.165793,64.260397,193.1,1255.267558894105,
ZE,1268,DP1,-149.14614,64.26371,191.6,1289.3625133010473,
ZE,1268,DP2,-149.14614,64.26371,191.6,1292.789610835377,
ZE,1268,DPZ,-149.14614,64.26371,191.6,1283.818789047952,
ZE,1269,DP1,-149.127162,64.267103,187.2,1274.157324423131,
ZE,1269,DP2,-149.127162,64.267103,187.2,1276.383521923795,
ZE,1269,DPZ,-149.127162,64.267103,187.2,1269.6144287704055,
ZE,1270,DP1,-149.113369,64.273439,182.7,1269.3388647405225,
ZE,1270,DP2,-149.113369,64.273439,182.7,1272.302488587645,
ZE,1270,DPZ,-149.113369,64.273439,182.7,1262.0376470236274,
ZE,1271,DP1,-149.103029,64.281136,178.3,1261.7414306242767,
ZE,1271,DP2,-149.103029,64.281136,178.3,1257.3044669661765,
ZE,1271,DPZ,-149.103029,64.281136,178.3,1249.8042777353264,
ZE,1272,DP1,-149.092452,64.289242,171.2,1290.4755063469531,
ZE,1272,DP2,-149.092452,64.289242,171.2,1281.431530405155,
ZE,1272,DPZ,-149.092452,64.289242,171.2,1269.872021845972,
ZE,1273,DP1,-149.082543,64.29662,165.3,1243.0789472933882,
ZE,1273,DP2,-149.082543,64.29662,165.3,1245.4374993206302,
ZE,1273,DPZ,-149.082543,64.29662,165.3,1242.2336771694702,
ZE,1274,DP1,-149.071993,64.304419,162.5,1249.0110324843147,
ZE,1274,DP2,-149.071993,64.304419,162.5,1250.0350709460179,
ZE,1274,DPZ,-149.071993,64.304419,162.5,1244.5584996558155,
ZE,1275,DP1,-149.060486,64.311669,160.1,1272.6785021000157,
ZE,1275,DP2,-149.060486,64.311669,160.1,1260.2580089884648,
ZE,1275,DPZ,-149.060486,64.311669,160.1,1260.855871238341,
ZE,1276,DP1,-149.047114,64.319528,159.2,1268.5854316937034,
ZE,1276,DP2,-149.047114,64.319528,159.2,1263.9534942303917,
ZE,1276,DPZ,-149.047114,64.319528,159.2,1258.260529981945,
ZE,1277,DP1,-149.036591,64.326577,156.8,1319.9055233879476,
ZE,1277,DP2,-149.036591,64.326577,156.8,1314.7962076672727,
ZE,1277,DPZ,-149.036591,64.326577,156.8,1286.8479923975779,
ZE,1278,DP1,-149.04044,64.334366,155.1,1296.6755398075593,
ZE,1278,DP2,-149.04044,64.334366,155.1,1288.989078879045,
ZE,1278,DPZ,-149.04044,64.334366,155.1,1267.9637533151674,
ZE,1279,DP1,-149.044136,64.343907,149.9,1285.0111189044178,
ZE,1279,DP2,-149.044136,64.343907,149.9,1279.6179907436629,
ZE,1279,DPZ,-149.044136,64.343907,149.9,1257.456970620553,
ZE,1280,DP1,-149.042719,64.352821,150.7,1247.3764430043316,
ZE,1280,DP2,-149.042719,64.352821,150.7,1248.5390304158318,
ZE,1280,DPZ,-149.042719,64.352821,150.7,1235.5986040000546,
ZE,1281,DP1,-149.046368,64.361048,147.9,1252.9148327523862,
ZE,1281,DP2,-149.046368,64.361048,147.9,1256.6695062070926,
ZE,1281,DPZ,-149.046368,64.361048,147.9,1248.2665540348426,
ZE,1282,DP1,-149.032924,64.368097,148.9,1292.7814427195099,
ZE,1282,DP2,-149.032924,64.368097,148.9,1283.6171092148825,
ZE,1282,DPZ,-149.032924,64.368097,148.9,1293.6198790192007,
ZE,1283,DP1,-149.027026,64.375242,142.9,1209.627923178868,
ZE,1283,DP2,-149.027026,64.375242,142.9,1199.1437819861383,
ZE,1283,DPZ,-149.027026,64.375242,142.9,1231.6837626626532,
ZE,1284,DP1,-149.017833,64.383733,140.9,1303.7461711877675,
ZE,1284,DP2,-149.017833,64.383733,140.9,1293.513231560105,
ZE,1284,DPZ,-149.017833,64.383733,140.9,1281.0413284140911,
ZE,1285,DP1,-149.012867,64.392298,139.0,1272.163234163357,
ZE,1285,DP2,-149.012867,64.392298,139.0,1258.2651387497256,
ZE,1285,DPZ,-149.012867,64.392298,139.0,1246.9150850141868,
ZE,1286,DP1,-149.014778,64.401488,138.1,1256.857359769057,
ZE,1286,DP2,-149.014778,64.401488,138.1,1254.9311848085529,
ZE,1286,DPZ,-149.014778,64.401488,138.1,1216.803339243532,
ZE,1287,DP1,-149.021055,64.409441,136.4,1256.1818646209424,
ZE,1287,DP2,-149.021055,64.409441,136.4,1257.008210823728,
ZE,1287,DPZ,-149.021055,64.409441,136.4,1237.7633341238504,
ZE,1288,DP1,-149.032626,64.41629,134.3,1260.137406532002,
ZE,1288,DP2,-149.032626,64.41629,134.3,1251.4415502644438,
ZE,1288,DPZ,-149.032626,64.41629,134.3,1233.7884212284903,
ZE,1289,DP1,-149.036022,64.424598,132.8,1264.0933425058417,
ZE,1289,DP2,-149.036022,64.424598,132.8,1264.0740198534877,
ZE,1289,DPZ,-149.036022,64.424598,132.8,1259.676567035568,
ZE,1290,DP1,-149.046072,64.431631,131.7,1255.6687339739663,
ZE,1290,DP2,-149.046072,64.431631,131.7,1259.4667996941507,
ZE,1290,DPZ,-149.046072,64.431631,131.7,1240.992490821078,
ZE,1291,DP1,-149.053685,64.440729,131.2,1288.2868454843224,
ZE,1291,DP2,-149.053685,64.440729,131.2,1282.2019373956016,
ZE,1291,DPZ,-149.053685,64.440729,131.2,1278.5106179011118,
ZE,1292,DP1,-149.053923,64.449792,125.4,1268.3743845035726,
ZE,1292,DP2,-149.053923,64.449792,125.4,1262.321781048891,
ZE,1292,DPZ,-149.053923,64.449792,125.4,1240.3393032224378,
ZE,1293,DP1,-149.051647,64.457654,125.9,1284.881480481417,
ZE,1293,DP2,-149.051647,64.457654,125.9,1276.6363339741501,
ZE,1293,DPZ,-149.051647,64.457654,125.9,1292.0560910317977,
ZE,1294,DP1,-149.053556,64.467243,124.3,1236.1283600774066,
ZE,1294,DP2,-149.053556,64.467243,124.3,1235.9731213973473,
ZE,1294,DPZ,-149.053556,64.467243,124.3,1225.3607008289398,
ZE,1295,DP1,-149.069083,64.473127,123.1,1182.6990102013685,
ZE,1295,DP2,-149.069083,64.473127,123.1,1208.9673184883854,
ZE,1295,DPZ,-149.069083,64.473127,123.1,1213.181236252457,
ZE,1296,DP1,-149.082041,64.478815,121.6,1217.0767181037006,
ZE,1296,DP2,-149.082041,64.478815,121.6,1221.7568849637642,
ZE,1296,DPZ,-149.082041,64.478815,121.6,1195.5133234365867,
ZE,1297,DP1,-149.077499,64.488176,120.3,1248.301022193231,
ZE,1297,DP2,-149.077499,64.488176,120.3,1237.0424666734248,
ZE,1297,DPZ,-149.077499,64.488176,120.3,1213.7242589605682,
ZE,1298,DP1,-149.071542,64.496245,118.8,1233.375701470104,
ZE,1298,DP2,-149.071542,64.496245,118.8,1227.1188765536153,
ZE,1298,DPZ,-149.071542,64.496245,118.8,1220.6763079810412,
ZE,1299,DP1,-149.071414,64.504774,121.4,1225.395353353426,
ZE,1299,DP2,-149.071414,64.504774,121.4,1232.6818464410135,
ZE,1299,DPZ,-149.071414,64.504774,121.4,1204.1559151031774,
ZE,1300,DP1,-149.071816,64.513965,116.4,1228.223544472692,
ZE,1300,DP2,-149.071816,64.513965,116.4,1231.6703820803696,
ZE,1300,DPZ,-149.071816,64.513965,116.4,1220.6630950170763,
ZE,1301,DP1,-149.067864,64.522653,115.7,1265.37043118188,
ZE,1301,DP2,-149.067864,64.522653,115.7,1249.5353013113224,
ZE,1301,DPZ,-149.067864,64.522653,115.7,1225.9381109848146,
ZE,1302,DP1,-149.074189,64.531057,112.0,1270.6688960344404,
ZE,1302,DP2,-149.074189,64.531057,112.0,1273.9454476794122,
ZE,1302,DPZ,-149.074189,64.531057,112.0,1254.6551262677808,
ZE,1303,DP1,-149.083163,64.537579,111.0,1258.2375390310967,
ZE,1303,DP2,-149.083163,64.537579,111.0,1242.147275595293,
ZE,1303,DPZ,-149.083163,64.537579,111.0,1204.540072987388,
ZE,1304,DP1,-149.083236,64.549804,111.3,1338.841676262618,
ZE,1304,DP2,-149.083236,64.549804,111.3,1330.9920043160819,
ZE,1304,DPZ,-149.083236,64.549804,111.3,1299.8156709320328,
ZE,1305,DP1,-149.097445,64.556227,110.9,1316.4845929560825,
ZE,1305,DP2,-149.097445,64.556227,110.9,1299.5753417930268,
ZE,1305,DPZ,-149.097445,64.556227,110.9,1272.737696254288,
ZE,1306,DP1,-149.1011,64.563274,108.7,1301.5593062455202,
ZE,1306,DP2,-149.1011,64.563274,108.7,1297.270498884401,
ZE,1306,DPZ,-149.1011,64.563274,108.7,1275.2782654699656,
ZE,1500,DP1,-148.78948,63.445914,615.4,1347.5968100269006,
ZE,1500,DP2,-148.78948,63.445914,615.4,1339.4540695830356,
ZE,1500,DPZ,-148.78948,63.445914,615.4,1349.7887403307009,
ZE,1501,DP1,-148.789615,63.446236,616.1,1368.4982061789117,
ZE,1501,DP2,-148.789615,63.446236,616.1,1370.6138381800688,
ZE,1501,DPZ,-148.789615,63.446236,616.1,1369.258843934145,
ZE,1502,DP1,-148.789661,63.446553,616.2,1351.380648746,
ZE,1502,DP2,-148.789661,63.446553,616.2,1356.1946471901504,
ZE,1502,DPZ,-148.789661,63.446553,616.2,1356.0218764315423,
ZE,1503,DP1,-148.789836,63.446836,617.2,1371.7359459891902,
ZE,1503,DP2,-148.789836,63.446836,617.2,1366.8142016112904,
ZE,1503,DPZ,-148.789836,63.446836,617.2,1371.443092378928,
ZE,1504,DP1,-148.789897,63.447213,615.8,1377.0995867575612,
ZE,1504,DP2,-148.789897,63.447213,615.8,1370.6383685099138,
ZE,1504,DPZ,-148.789897,63.447213,615.8,1376.9433742689366,
ZE,1505,DP1,-148.789934,63.447551,615.0,1389.2606599321214,
ZE,1505,DP2,-148.789934,63.447551,615.0,1381.046161014456,
ZE,1505,DPZ,-148.789934,63.447551,615.0,1378.044257524322,
ZE,1506,DP1,-148.790088,63.447896,616.0,1381.5553836495153,
ZE,1506,DP2,-148.790088,63.447896,616.0,1371.1867407893008,
ZE,1506,DPZ,-148.790088,63.447896,616.0,1370.5213951185524,
ZE,1507,DP1,-148.790264,63.44819,616.3,1364.3802475142559,
ZE,1507,DP2,-148.790264,63.44819,616.3,1361.938701095588,
ZE,1507,DPZ,-148.790264,63.44819,616.3,1359.2976009365193,
ZE,1508,DP1,-148.790185,63.448508,616.6,1367.3438873348277,
ZE,1508,DP2,-148.790185,63.448508,616.6,1361.3720640740696,
ZE,1508,DPZ,-148.790185,63.448508,616.6,1364.110032516348,
ZE,1509,DP1,-148.790197,63.448852,615.6,1375.6836042800087,
ZE,1509,DP2,-148.790197,63.448852,615.6,1374.930764356982,
ZE,1509,DPZ,-148.790197,63.448852,615.6,1378.9391947989677,
ZE,1510,DP1,-148.790362,63.449241,615.1,1353.5183925117628,
ZE,1510,DP2,-148.790362,63.449241,615.1,1352.1908366042314,
ZE,1510,DPZ,-148.790362,63.449241,615.1,1368.3993014289717,
ZE,1511,DP1,-148.790477,63.44952,616.4,1366.9214763100504,
ZE,1511,DP2,-148.790477,63.44952,616.4,1365.0290249279235,
ZE,1511,DPZ,-148.790477,63.44952,616.4,1364.0656481245119,
ZE,1512,DP1,-148.790494,63.449803,615.2,1382.5299871966195,
ZE,1512,DP2,-148.790494,63.449803,615.2,1378.0201174192164,
ZE,1512,DPZ,-148.790494,63.449803,615.2,1377.3328932696606,
ZE,1513,DP1,-148.790671,63.45007,612.6,1397.11356579362,
ZE,1513,DP2,-148.790671,63.45007,612.6,1398.4624542233532,
ZE,1513,DPZ,-148.790671,63.45007,612.6,1386.9733714193162,
ZE,1514,DP1,-148.790858,63.450431,613.1,1379.9017760566733,
ZE,1514,DP2,-148.790858,63.450431,613.1,1383.9190895098222,
ZE,1514,DPZ,-148.790858,63.450431,613.1,1380.9121282116469,
ZE,1515,DP1,-148.79104,63.450754,616.0,1372.2040655231922,
ZE,1515,DP2,-148.79104,63.450754,616.0,1384.768120326315,
ZE,1515,DPZ,-148.79104,63.450754,616.0,1385.3657886496844,
ZE,1516,DP1,-148.791153,63.450937,614.9,1378.6800900284568,
ZE,1516,DP2,-148.791153,63.450937,614.9,1369.5332028445948,
ZE,1516,DPZ,-148.791153,63.450937,614.9,1373.1165841779953,
ZE,1517,DP1,-148.791243,63.451104,613.5,1391.4733794450897,
ZE,1517,DP2,-148.791243,63.451104,613.5,1383.8919575447799,
ZE,1517,DPZ,-148.791243,63.451104,613.5,1384.6371308946766,
ZE,1518,DP1,-148.791476,63.45127,612.5,1380.0214951437667,
ZE,1518,DP2,-148.791476,63.45127,612.5,1378.2244898517388,
ZE,1518,DPZ,-148.791476,63.45127,612.5,1374.2291308767865,
ZE,1519,DP1,-148.79145,63.451442,612.3,1335.6274071286155,
ZE,1519,DP2,-148.79145,63.451442,612.3,1318.285120017662,
ZE,1519,DPZ,-148.79145,63.451442,612.3,1387.806891843196,
ZE,1520,DP1,-148.791301,63.451605,613.2,1403.5080830380343,
ZE,1520,DP2,-148.791301,63.451605,613.2,1399.383081674786,
ZE,1520,DPZ,-148.791301,63.451605,613.2,1383.4077569082758,
ZE,1521,DP1,-148.791193,63.451787,613.9,1396.7832664634432,
ZE,1521,DP2,-148.791193,63.451787,613.9,1383.5278279922848,
ZE,1521,DPZ,-148.791193,63.451787,613.9,1381.7887360645198,
ZE,1522,DP1,-148.79123,63.451893,617.2,1421.059396461938,
ZE,1522,DP2,-148.79123,63.451893,617.2,1427.428195145232,
ZE,1522,DPZ,-148.79123,63.451893,617.2,1422.500835236526,
ZE,1523,DP1,-148.791249,63.451952,619.0,1418.5005202484217,
ZE,1523,DP2,-148.791249,63.451952,619.0,1420.9132684715441,
ZE,1523,DPZ,-148.791249,63.451952,619.0,1430.791584228106,
ZE,1524,DP1,-148.79134,63.452018,621.3,1427.5691085795163,
ZE,1524,DP2,-148.79134,63.452018,621.3,1427.2467037579268,
ZE,1524,DPZ,-148.79134,63.452018,621.3,1429.528016004742,
ZE,1525,DP1,-148.791407,63.4521,628.5,1421.6862389578557,
ZE,1525,DP2,-148.791407,63.4521,628.5,1424.045373448451,
ZE,1525,DPZ,-148.791407,63.4521,628.5,1428.2330332738284,
ZE,1526,DP1,-148.791406,63.452176,630.1,1406.3284642606518,
ZE,1526,DP2,-148.791406,63.452176,630.1,1412.8140756715036,
ZE,1526,DPZ,-148.791406,63.452176,630.1,1422.3445282407936,
ZE,1527,DP1,-148.791487,63.452247,631.5,1426.9696389031242,
ZE,1527,DP2,-148.791487,63.452247,631.5,1427.2821178290853,
ZE,1527,DPZ,-148.791487,63.452247,631.5,1433.37512340518,
ZE,1528,DP1,-148.791603,63.452327,633.1,1439.1900199466118,
ZE,1528,DP2,-148.791603,63.452327,633.1,1435.772172506575,
ZE,1528,DPZ,-148.791603,63.452327,633.1,1432.3877018616677,
ZE,1529,DP1,-148.791717,63.452409,633.2,1442.1721780560263,
ZE,1529,DP2,-148.791717,63.452409,633.2,1440.7195177069661,
ZE,1529,DPZ,-148.791717,63.452409,633.2,1436.5417158569298,
ZE,1530,DP1,-148.791794,63.452488,633.7,1444.865240286392,
ZE,1530,DP2,-148.791794,63.452488,633.7,1442.0333102782574,
ZE,1530,DPZ,-148.791794,63.452488,633.7,1437.4649440305757,
ZE,1531,DP1,-148.79185,63.452583,633.9,1446.9252110663044,
ZE,1531,DP2,-148.79185,63.452583,633.9,1451.5252604410414,
ZE,1531,DPZ,-148.79185,63.452583,633.9,1444.361823910211,
ZE,1532,DP1,-148.791964,63.452664,634.0,1451.5863489547971,
ZE,1532,DP2,-148.791964,63.452664,634.0,1452.839329007726,
ZE,1532,DPZ,-148.791964,63.452664,634.0,1450.2914155607828,
ZE,1533,DP1,-148.792021,63.452698,634.1,1453.615058108421,
ZE,1533,DP2,-148.792021,63.452698,634.1,1459.9510589035933,
ZE,1533,DPZ,-148.792021,63.452698,634.1,1453.9614668644992,
ZE,1534,DP1,-148.792072,63.452752,634.9,1439.1920797374457,
ZE,1534,DP2,-148.792072,63.452752,634.9,1447.7551447218511,
ZE,1534,DPZ,-148.792072,63.452752,634.9,1425.018391444518,
ZE,1535,DP1,-148.792049,63.452804,635.5,1432.5689181829873,
ZE,1535,DP2,-148.792049,63.452804,635.5,1437.4806249452504,
ZE,1535,DPZ,-148.792049,63.452804,635.5,1440.3015515603888,
ZE,1536,DP1,-148.792055,63.452862,638.5,1436.3517085880403,
ZE,1536,DP2,-148.792055,63.452862,638.5,1435.3602086697824,
ZE,1536,DPZ,-148.792055,63.452862,638.5,1430.1113250999508,
ZE,1537,DP1,-148.792005,63.452896,637.2,1434.352467833586,
ZE,1537,DP2,-148.792005,63.452896,637.2,1442.512823411361,
ZE,1537,DPZ,-148.792005,63.452896,637.2,1433.335788722625,
ZE,1538,DP1,-148.791949,63.452954,638.5,1430.6470454174123,
ZE,1538,DP2,-148.791949,63.452954,638.5,1435.8537250340025,
ZE,1538,DPZ,-148.791949,63.452954,638.5,1424.2962107907458,
ZE,1539,DP1,-148.791886,63.453002,641.0,1428.1757213457274,
ZE,1539,DP2,-148.791886,63.453002,641.0,1431.4101403694642,
ZE,1539,DPZ,-148.791886,63.453002,641.0,1414.363697969504,
ZE,1540,DP1,-148.791847,63.453034,644.5,1429.6757792077697,
ZE,1540,DP2,-148.791847,63.453034,644.5,1435.8510106185972,
ZE,1540,DPZ,-148.791847,63.453034,644.5,1433.622168723803,
ZE,1541,DP1,-148.791806,63.453065,646.2,1422.9643928916564,
ZE,1541,DP2,-148.791806,63.453065,646.2,1435.3419972576964,
ZE,1541,DPZ,-148.791806,63.453065,646.2,1431.022684254434,
ZE,1542,DP1,-148.79178,63.453112,646.2,1422.8785622880596,
ZE,1542,DP2,-148.79178,63.453112,646.2,1432.2606757485507,
ZE,1542,DPZ,-148.79178,63.453112,646.2,1429.2290608186304,
ZE,1543,DP1,-148.791749,63.453152,648.0,1416.8004024359059,
ZE,1543,DP2,-148.791749,63.453152,648.0,1434.2737735843637,
ZE,1543,DPZ,-148.791749,63.453152,648.0,1423.3870742389086,
ZE,1544,DP1,-148.791701,63.453193,650.3,1423.4699513669996,
ZE,1544,DP2,-148.791701,63.453193,650.3,1433.760100327357,
ZE,1544,DPZ,-148.791701,63.453193,650.3,1427.5760543587726,
ZE,1545,DP1,-148.791666,63.453234,650.3,1411.7775229413712,
ZE,1545,DP2,-148.791666,63.453234,650.3,1422.2672091155023,
ZE,1545,DPZ,-148.791666,63.453234,650.3,1417.0765892911033,
ZE,1546,DP1,-148.791627,63.453272,654.3,1415.431618263746,
ZE,1546,DP2,-148.791627,63.453272,654.3,1416.7097471388986,
ZE,1546,DPZ,-148.791627,63.453272,654.3,1422.1327239234352,
ZE,1547,DP1,-148.791586,63.453325,655.9,1404.350919138004,
ZE,1547,DP2,-148.791586,63.453325,655.9,1412.6962424289277,
ZE,1547,DPZ,-148.791586,63.453325,655.9,1410.4790692971198,
ZE,1548,DP1,-148.791572,63.453348,655.9,1393.9401397871027,
ZE,1548,DP2,-148.791572,63.453348,655.9,1400.6880800772353,
ZE,1548,DPZ,-148.791572,63.453348,655.9,1415.420750115114,
ZE,1549,DP1,-148.791538,63.453385,657.1,1425.8919864051113,
ZE,1549,DP2,-148.791538,63.453385,657.1,1435.8723398386762,
ZE,1549,DPZ,-148.791538,63.453385,657.1,1430.262044739367,
ZE,1550,DP1,-148.791539,63.453412,658.4,1411.6928781769682,
ZE,1550,DP2,-148.791539,63.453412,658.4,1410.8143267638768,
ZE,1550,DPZ,-148.791539,63.453412,658.4,1420.4658501852346,
ZE,1551,DP1,-148.791523,63.453448,658.4,1428.8717292790839,
ZE,1551,DP2,-148.791523,63.453448,658.4,1435.1402755830593,
ZE,1551,DPZ,-148.791523,63.453448,658.4,1433.4034936266003,
ZE,1552,DP1,-148.791565,63.453486,658.4,1412.607616554973,
ZE,1552,DP2,-148.791565,63.453486,658.4,1424.3963017761123,
ZE,1552,DPZ,-148.791565,63.453486,658.4,1431.1642227717796,
ZE,1553,DP1,-148.791589,63.453515,658.3,1425.7627057884874,
ZE,1553,DP2,-148.791589,63.453515,658.3,1431.3722367051269,
ZE,1553,DPZ,-148.791589,63.453515,658.3,1437.1819773992224,
ZE,1554,DP1,-148.791625,63.45354,657.9,1411.9319566898012,
ZE,1554,DP2,-148.791625,63.45354,657.9,1418.003293777981,
ZE,1554,DPZ,-148.791625,63.45354,657.9,1415.8107489741815,
ZE,1555,DP1,-148.791647,63.453568,656.4,1424.7441233677134,
ZE,1555,DP2,-148.791647,63.453568,656.4,1430.0548993447137,
ZE,1555,DPZ,-148.791647,63.453568,656.4,1428.472083824033,
ZE,1556,DP1,-148.791668,63.45361,656.3,1424.6722754500183,
ZE,1556,DP2,-148.791668,63.45361,656.3,1423.9995009694076,
ZE,1556,DPZ,-148.791668,63.45361,656.3,1431.861702931849,
ZE,1557,DP1,-148.791709,63.453654,654.6,1422.9963980669816,
ZE,1557,DP2,-148.791709,63.453654,654.6,1427.6849087972892,
ZE,1557,DPZ,-148.791709,63.453654,654.6,1430.1814010526753,
ZE,1558,DP1,-148.791733,63.453814,656.0,1382.3083595999765,
ZE,1558,DP2,-148.791733,63.453814,656.0,1374.985581967382,
ZE,1558,DPZ,-148.791733,63.453814,656.0,1377.4577296711768,
ZE,1559,DP1,-148.791745,63.453895,660.2,1408.1328201570464,
ZE,1559,DP2,-148.791745,63.453895,660.2,1409.16823237279,
ZE,1559,DPZ,-148.791745,63.453895,660.2,1411.7888683358904,
ZE,1560,DP1,-148.791789,63.453987,661.8,1412.7668836576731,
ZE,1560,DP2,-148.791789,63.453987,661.8,1422.000133144856,
ZE,1560,DPZ,-148.791789,63.453987,661.8,1414.6898593452347,
ZE,1561,DP1,-148.79175,63.454024,667.4,1418.2979728061978,
ZE,1561,DP2,-148.79175,63.454024,667.4,1426.686738010189,
ZE,1561,DPZ,-148.79175,63.454024,667.4,1430.7366580757587,
ZE,1562,DP1,-148.791707,63.454067,667.4,1407.550325294488,
ZE,1562,DP2,-148.791707,63.454067,667.4,1421.1935677733675,
ZE,1562,DPZ,-148.791707,63.454067,667.4,1421.951482494516,
ZE,1563,DP1,-148.791719,63.454127,669.3,1423.3789044074463,
ZE,1563,DP2,-148.791719,63.454127,669.3,1428.0442519721787,
ZE,1563,DPZ,-148.791719,63.454127,669.3,1415.9259265095272,
ZE,1564,DP1,-148.791718,63.454183,671.2,1419.6710062552047,
ZE,1564,DP2,-148.791718,63.454183,671.2,1426.8054138690525,
ZE,1564,DPZ,-148.791718,63.454183,671.2,1437.8393753359658,
ZE,1565,DP1,-148.791697,63.454231,672.9,1419.266104866044,
ZE,1565,DP2,-148.791697,63.454231,672.9,1430.044842844398,
ZE,1565,DPZ,-148.791697,63.454231,672.9,1428.5476637595464,
ZE,1566,DP1,-148.79168,63.454271,675.4,1421.869737044067,
ZE,1566,DP2,-148.79168,63.454271,675.4,1435.3061224444684,
ZE,1566,DPZ,-148.79168,63.454271,675.4,1435.149293153256,
ZE,1567,DP1,-148.791656,63.454304,675.4,1412.8957491444999,
ZE,1567,DP2,-148.791656,63.454304,675.4,1427.3361226008597,
ZE,1567,DPZ,-148.791656,63.454304,675.4,1435.1655938746885,
ZE,1568,DP1,-148.791666,63.454353,676.5,1411.1007347242705,
ZE,1568,DP2,-148.791666,63.454353,676.5,1427.3497567865413,
ZE,1568,DPZ,-148.791666,63.454353,676.5,1431.8156622145145,
ZE,1569,DP1,-148.791654,63.454394,678.8,1403.4967426766123,
ZE,1569,DP2,-148.791654,63.454394,678.8,1416.7456733190566,
ZE,1569,DPZ,-148.791654,63.454394,678.8,1414.6153536036395,
ZE,1570,DP1,-148.79158,63.454484,680.6,1398.5009793137642,
ZE,1570,DP2,-148.79158,63.454484,680.6,1404.152547207867,
ZE,1570,DPZ,-148.79158,63.454484,680.6,1406.788754489512,
ZE,1571,DP1,-148.791512,63.454569,682.8,1421.6574493341363,
ZE,1571,DP2,-148.791512,63.454569,682.8,1424.3677063217551,
ZE,1571,DPZ,-148.791512,63.454569,682.8,1437.9720018208063,
ZE,1572,DP1,-148.791426,63.454639,685.6,1405.45884586698,
ZE,1572,DP2,-148.791426,63.454639,685.6,1419.1502514638344,
ZE,1572,DPZ,-148.791426,63.454639,685.6,1415.0145004210722,
ZE,1573,DP1,-148.791411,63.454721,688.1,1399.884366879757,
ZE,1573,DP2,-148.791411,63.454721,688.1,1420.478524118028,
ZE,1573,DPZ,-148.791411,63.454721,688.1,1424.9894258975262,
ZE,1574,DP1,-148.791447,63.454813,688.3,1403.9164465253702,
ZE,1574,DP2,-148.791447,63.454813,688.3,1417.4003295046261,
ZE,1574,DPZ,-148.791447,63.454813,688.3,1436.1945081527754,
ZE,1575,DP1,-148.791503,63.454895,693.2,1422.3107207469666,
ZE,1575,DP2,-148.791503,63.454895,693.2,1429.0886814861094,
ZE,1575,DPZ,-148.791503,63.454895,693.2,1440.5675926773822,
ZE,1576,DP1,-148.791457,63.454985,694.7,1439.5801717371414,
ZE,1576,DP2,-148.791457,63.454985,694.7,1445.6435491793306,
ZE,1576,DPZ,-148.791457,63.454985,694.7,1451.5664523414598,
ZE,1577,DP1,-148.791441,63.455067,697.8,1418.5774442462096,
ZE,1577,DP2,-148.791441,63.455067,697.8,1430.154686043411,
ZE,1577,DPZ,-148.791441,63.455067,697.8,1447.6330156906502,
ZE,1578,DP1,-148.791454,63.45516,698.9,1421.2280581900682,
ZE,1578,DP2,-148.791454,63.45516,698.9,1422.771924529983,
ZE,1578,DPZ,-148.791454,63.45516,698.9,1428.0471776778036,
ZE,1579,DP1,-148.791407,63.455244,700.5,1424.6597473079441,
ZE,1579,DP2,-148.791407,63.455244,700.5,1438.3563401611368,
ZE,1579,DPZ,-148.791407,63.455244,700.5,1440.0446554812954,
ZE,1580,DP1,-148.79141,63.455423,703.7,1417.6063305358496,
ZE,1580,DP2,-148.79141,63.455423,703.7,1432.487912424467,
ZE,1580,DPZ,-148.79141,63.455423,703.7,1439.9444354923608,
ZE,1581,DP1,-148.791366,63.45559,709.7,1430.798209825366,
ZE,1581,DP2,-148.791366,63.45559,709.7,1442.8617455402853,
ZE,1581,DPZ,-148.791366,63.45559,709.7,1432.4656759570078,
ZE,1582,DP1,-148.791329,63.455768,714.7,1443.8485101821798,
ZE,1582,DP2,-148.791329,63.455768,714.7,1451.546924934448,
ZE,1582,DPZ,-148.791329,63.455768,714.7,1448.5693903200022,
ZE,1583,DP1,-148.791328,63.455948,718.5,1447.1153828985714,
ZE,1583,DP2,-148.791328,63.455948,718.5,1450.651090181643,
ZE,1583,DPZ,-148.791328,63.455948,718.5,1450.1333634600517,
ZE,1584,DP1,-148.791206,63.45613,718.1,1439.2644670750806,
ZE,1584,DP2,-148.791206,63.45613,718.1,1437.8998530177278,
ZE,1584,DPZ,-148.791206,63.45613,718.1,1442.577148807634,
ZE,1585,DP1,-148.791247,63.456436,716.2,1529.2317414702252,
ZE,1585,DP2,-148.791247,63.456436,716.2,1442.1535471540444,
ZE,1585,DPZ,-148.791247,63.456436,716.2,1442.4246745607015,
ZE,1586,DP1,-148.791214,63.456703,716.4,1381.6463494963032,
ZE,1586,DP2,-148.791214,63.456703,716.4,1388.6407679640565,
ZE,1586,DPZ,-148.791214,63.456703,716.4,1385.6222026220432,
ZE,1587,DP1,-148.791383,63.457011,715.7,1365.4563597913461,
ZE,1587,DP2,-148.791383,63.457011,715.7,1361.2165320567656,
ZE,1587,DPZ,-148.791383,63.457011,715.7,1362.5200606802903,
ZE,1588,DP1,-148.791107,63.457361,718.7,1424.0571992463902,
ZE,1588,DP2,-148.791107,63.457361,718.7,1434.017926348631,
ZE,1588,DPZ,-148.791107,63.457361,718.7,1424.050569501637,
ZE,1589,DP1,-148.791456,63.457626,717.8,1414.7867300427754,
ZE,1589,DP2,-148.791456,63.457626,717.8,1408.1431733019997,
ZE,1589,DPZ,-148.791456,63.457626,717.8,1398.729705062191,
ZE,5510,DP1,-148.797723,63.453233,633.8,1375.6646616787555,
ZE,5510,DP2,-148.797723,63.453233,633.8,1390.5618424993686,
ZE,5510,DPZ,-148.797723,63.453233,633.8,1393.0024046081255,
ZE,5511,DP1,-148.786055,63.454071,687.8,1422.0739207385352,
ZE,5511,DP2,-148.786055,63.454071,687.8,1420.8961913078404,
ZE,5511,DPZ,-148.786055,63.454071,687.8,1436.2644848228003,
ZE,5575,DP1,-148.791685,63.453736,656.2,1388.3292462962931,
ZE,5575,DP2,-148.791685,63.453736,656.2,1391.743477274322,
ZE,5575,DPZ,-148.791685,63.453736,656.2,1374.0124636577066,
ZE,5900,DP1,-148.785469,63.456076,748.0,1433.372413476761,
ZE,5900,DP2,-148.785469,63.456076,748.0,1441.5669534162018,
ZE,5900,DPZ,-148.785469,63.456076,748.0,1437.4627978077503,
ZE,9211,DP1,-148.797548,63.457103,671.4,1407.869820314829,
ZE,9211,DP2,-148.797548,63.457103,671.4,1408.6183868210176,
ZE,9211,DPZ,-148.797548,63.457103,671.4,1419.3198414479768,
